#x	Mode 1: z	Mode 2: z	Mode 3: z	Mode 4: z	Mode 5: z	Mode 6: z	Mode 7: z	Mode 8: z	Mode 9: z	Mode 10: z	Mode 11: z	Mode 12: z	Mode 13: z	Mode 14: z	Mode 15: z	Mode 16: z	Mode 17: z	Mode 18: z	Mode 19: z	Mode 20: z
0.00000000	0.00000000	0.00000000	0.00000000	0.00000000	0.00000000	0.00000000	0.00000000	0.00000000	0.00000000	0.00000000	0.00000000	0.00000000	0.00000000	0.00000000	0.00000000	0.00000000	0.00000000	0.00000000	0.00000000	0.00000000
0.00667000	0.00002000	-0.00010000	-0.00025000	0.00034000	-0.00044000	0.00053000	-0.00062000	0.00071000	-0.00079000	0.00088000	-0.00096000	0.00104000	0.00000000	-0.00111000	0.00119000	-0.00126000	0.00133000	0.00000000	-0.00140000	0.00147000
0.01333000	0.00006000	-0.00038000	-0.00097000	0.00133000	-0.00169000	0.00203000	-0.00236000	0.00267000	-0.00297000	0.00326000	-0.00353000	0.00379000	0.00000000	-0.00404000	0.00428000	-0.00450000	0.00471000	0.00000000	-0.00491000	0.00510000
0.02000000	0.00014000	-0.00085000	-0.00214000	0.00293000	-0.00367000	0.00438000	-0.00504000	0.00566000	-0.00624000	0.00678000	-0.00728000	0.00774000	0.00000000	-0.00816000	0.00854000	-0.00889000	0.00920000	0.00000000	-0.00948000	0.00972000
0.02667000	0.00025000	-0.00150000	-0.00374000	0.00507000	-0.00630000	0.00744000	-0.00849000	0.00945000	-0.01031000	0.01108000	-0.01176000	0.01235000	0.00000000	-0.01286000	0.01329000	-0.01364000	0.01391000	0.00000000	-0.01411000	0.01424000
0.03333000	0.00038000	-0.00232000	-0.00573000	0.00770000	-0.00950000	0.01111000	-0.01254000	0.01380000	-0.01488000	0.01580000	-0.01655000	0.01714000	0.00000000	-0.01758000	0.01787000	-0.01802000	0.01804000	0.00000000	-0.01793000	0.01771000
0.04000000	0.00055000	-0.00330000	-0.00810000	0.01078000	-0.01317000	0.01525000	-0.01702000	0.01850000	-0.01969000	0.02060000	-0.02125000	0.02163000	0.00000000	-0.02178000	0.02170000	-0.02141000	0.02092000	0.00000000	-0.02026000	0.01944000
0.04667000	0.00075000	-0.00444000	-0.01081000	0.01426000	-0.01724000	0.01974000	-0.02176000	0.02334000	-0.02447000	0.02518000	-0.02549000	0.02543000	0.00000000	-0.02503000	0.02432000	-0.02333000	0.02209000	0.00000000	-0.02063000	0.01900000
0.05333000	0.00098000	-0.00573000	-0.01384000	0.01808000	-0.02162000	0.02446000	-0.02661000	0.02810000	-0.02896000	0.02924000	-0.02897000	0.02821000	0.00000000	-0.02700000	0.02541000	-0.02349000	0.02129000	0.00000000	-0.01890000	0.01635000
0.06000000	0.00123000	-0.00717000	-0.01716000	0.02219000	-0.02624000	0.02929000	-0.03140000	0.03260000	-0.03296000	0.03254000	-0.03143000	0.02970000	0.00000000	-0.02745000	0.02478000	-0.02178000	0.01854000	0.00000000	-0.01516000	0.01174000
0.06667000	0.00151000	-0.00875000	-0.02075000	0.02655000	-0.03101000	0.03413000	-0.03599000	0.03667000	-0.03626000	0.03488000	-0.03267000	0.02975000	0.00000000	-0.02628000	0.02241000	-0.01828000	0.01403000	0.00000000	-0.00980000	0.00573000
0.07333000	0.00183000	-0.01046000	-0.02458000	0.03111000	-0.03586000	0.03887000	-0.04026000	0.04015000	-0.03871000	0.03612000	-0.03258000	0.02831000	0.00000000	-0.02352000	0.01844000	-0.01326000	0.00820000	0.00000000	-0.00341000	-0.00093000
0.08000000	0.00217000	-0.01230000	-0.02862000	0.03581000	-0.04071000	0.04341000	-0.04407000	0.04292000	-0.04018000	0.03615000	-0.03112000	0.02541000	0.00000000	-0.01931000	0.01314000	-0.00715000	0.00161000	0.00000000	0.00329000	-0.00740000
0.08667000	0.00254000	-0.01426000	-0.03286000	0.04061000	-0.04549000	0.04765000	-0.04733000	0.04486000	-0.04059000	0.03494000	-0.02832000	0.02117000	0.00000000	-0.01390000	0.00689000	-0.00048000	-0.00507000	0.00000000	0.00955000	-0.01283000
0.09333000	0.00293000	-0.01634000	-0.03726000	0.04546000	-0.05013000	0.05150000	-0.04994000	0.04589000	-0.03989000	0.03250000	-0.02429000	0.01583000	0.00000000	-0.00764000	0.00018000	0.00618000	-0.01117000	0.00000000	0.01463000	-0.01652000
0.10000000	0.00335000	-0.01852000	-0.04180000	0.05032000	-0.05458000	0.05490000	-0.05182000	0.04597000	-0.03808000	0.02890000	-0.01919000	0.00965000	0.00000000	-0.00093000	-0.00649000	0.01222000	-0.01607000	0.00000000	0.01796000	-0.01800000
0.10667000	0.00380000	-0.02081000	-0.04645000	0.05515000	-0.05875000	0.05776000	-0.05291000	0.04506000	-0.03518000	0.02426000	-0.01324000	0.00299000	0.00000000	0.00580000	-0.01260000	0.01711000	-0.01926000	0.00000000	0.01914000	-0.01706000
0.11333000	0.00428000	-0.02319000	-0.05120000	0.05990000	-0.06261000	0.06004000	-0.05317000	0.04317000	-0.03128000	0.01875000	-0.00673000	-0.00379000	0.00000000	0.01208000	-0.01768000	0.02041000	-0.02042000	0.00000000	0.01805000	-0.01386000
0.12000000	0.00478000	-0.02567000	-0.05601000	0.06452000	-0.06610000	0.06168000	-0.05258000	0.04032000	-0.02647000	0.01257000	0.00005000	-0.01031000	0.00000000	0.01751000	-0.02133000	0.02183000	-0.01944000	0.00000000	0.01482000	-0.00881000
0.12667000	0.00531000	-0.02823000	-0.06086000	0.06899000	-0.06916000	0.06264000	-0.05114000	0.03657000	-0.02090000	0.00595000	0.00679000	-0.01620000	0.00000000	0.02172000	-0.02327000	0.02124000	-0.01641000	0.00000000	0.00982000	-0.00258000
0.13333000	0.00587000	-0.03086000	-0.06574000	0.07327000	-0.07177000	0.06290000	-0.04885000	0.03201000	-0.01474000	-0.00086000	0.01316000	-0.02114000	0.00000000	0.02444000	-0.02335000	0.01869000	-0.01168000	0.00000000	0.00367000	0.00399000
0.14000000	0.00645000	-0.03357000	-0.07061000	0.07731000	-0.07387000	0.06243000	-0.04574000	0.02672000	-0.00815000	-0.00760000	0.01887000	-0.02483000	0.00000000	0.02547000	-0.02157000	0.01444000	-0.00571000	0.00000000	-0.00293000	0.01004000
0.14667000	0.00705000	-0.03634000	-0.07546000	0.08109000	-0.07545000	0.06124000	-0.04186000	0.02083000	-0.00135000	-0.01401000	0.02366000	-0.02707000	0.00000000	0.02476000	-0.01807000	0.00885000	0.00085000	0.00000000	-0.00918000	0.01476000
0.15333000	0.00768000	-0.03918000	-0.08026000	0.08458000	-0.07647000	0.05933000	-0.03728000	0.01447000	0.00545000	-0.01983000	0.02728000	-0.02775000	0.00000000	0.02236000	-0.01313000	0.00245000	0.00733000	0.00000000	-0.01435000	0.01752000
0.16000000	0.00834000	-0.04207000	-0.08499000	0.08774000	-0.07691000	0.05671000	-0.03207000	0.00781000	0.01205000	-0.02486000	0.02958000	-0.02681000	0.00000000	0.01843000	-0.00715000	-0.00418000	0.01305000	0.00000000	-0.01783000	0.01797000
0.16667000	0.00902000	-0.04500000	-0.08963000	0.09055000	-0.07677000	0.05341000	-0.02631000	0.00099000	0.01825000	-0.02889000	0.03045000	-0.02432000	0.00000000	0.01324000	-0.00059000	-0.01042000	0.01740000	0.00000000	-0.01921000	0.01603000
0.17333000	0.00972000	-0.04798000	-0.09416000	0.09299000	-0.07604000	0.04946000	-0.02011000	-0.00583000	0.02385000	-0.03177000	0.02984000	-0.02042000	0.00000000	0.00715000	0.00601000	-0.01572000	0.01995000	0.00000000	-0.01832000	0.01197000
0.18000000	0.01045000	-0.05100000	-0.09856000	0.09504000	-0.07471000	0.04492000	-0.01358000	-0.01248000	0.02868000	-0.03338000	0.02779000	-0.01534000	0.00000000	0.00056000	0.01214000	-0.01958000	0.02042000	0.00000000	-0.01527000	0.00633000
0.18667000	0.01120000	-0.05405000	-0.10282000	0.09667000	-0.07278000	0.03983000	-0.00683000	-0.01879000	0.03259000	-0.03367000	0.02439000	-0.00937000	0.00000000	-0.00607000	0.01731000	-0.02166000	0.01875000	0.00000000	-0.01042000	-0.00016000
0.19333000	0.01198000	-0.05712000	-0.10691000	0.09787000	-0.07028000	0.03425000	0.00001000	-0.02463000	0.03546000	-0.03262000	0.01982000	-0.00285000	0.00000000	-0.01228000	0.02111000	-0.02175000	0.01514000	0.00000000	-0.00434000	-0.00662000
0.20000000	0.01277000	-0.06021000	-0.11083000	0.09864000	-0.06721000	0.02827000	0.00683000	-0.02984000	0.03720000	-0.03028000	0.01429000	0.00383000	0.00000000	-0.01766000	0.02324000	-0.01987000	0.00995000	0.00000000	0.00225000	-0.01221000
0.20667000	0.01359000	-0.06331000	-0.11454000	0.09895000	-0.06360000	0.02194000	0.01350000	-0.03430000	0.03775000	-0.02674000	0.00807000	0.01029000	0.00000000	-0.02184000	0.02352000	-0.01616000	0.00371000	0.00000000	0.00858000	-0.01617000
0.21333000	0.01444000	-0.06643000	-0.11804000	0.09880000	-0.05948000	0.01536000	0.01990000	-0.03791000	0.03711000	-0.02215000	0.00146000	0.01616000	0.00000000	-0.02454000	0.02194000	-0.01098000	-0.00290000	0.00000000	0.01389000	-0.01800000
0.22000000	0.01530000	-0.06954000	-0.12131000	0.09819000	-0.05487000	0.00860000	0.02592000	-0.04058000	0.03528000	-0.01667000	-0.00523000	0.02110000	0.00000000	-0.02557000	0.01862000	-0.00480000	-0.00922000	0.00000000	0.01757000	-0.01744000
0.22667000	0.01619000	-0.07266000	-0.12434000	0.09711000	-0.04982000	0.00175000	0.03144000	-0.04224000	0.03234000	-0.01054000	-0.01166000	0.02482000	0.00000000	-0.02485000	0.01383000	0.00182000	-0.01457000	0.00000000	0.01917000	-0.01456000
0.23333000	0.01709000	-0.07576000	-0.12711000	0.09558000	-0.04436000	-0.00510000	0.03637000	-0.04285000	0.02837000	-0.00399000	-0.01754000	0.02712000	0.00000000	-0.02245000	0.00794000	0.00827000	-0.01840000	0.00000000	0.01851000	-0.00976000
0.24000000	0.01802000	-0.07885000	-0.12962000	0.09358000	-0.03854000	-0.01186000	0.04061000	-0.04240000	0.02351000	0.00272000	-0.02257000	0.02785000	0.00000000	-0.01852000	0.00142000	0.01397000	-0.02032000	0.00000000	0.01567000	-0.00366000
0.24667000	0.01897000	-0.08192000	-0.13185000	0.09113000	-0.03241000	-0.01844000	0.04409000	-0.04090000	0.01790000	0.00932000	-0.02652000	0.02698000	0.00000000	-0.01333000	-0.00521000	0.01839000	-0.02012000	0.00000000	0.01097000	0.00292000
0.25333000	0.01994000	-0.08497000	-0.13379000	0.08824000	-0.02602000	-0.02477000	0.04675000	-0.03839000	0.01172000	0.01556000	-0.02919000	0.02455000	0.00000000	-0.00724000	-0.01143000	0.02113000	-0.01782000	0.00000000	0.00499000	0.00911000
0.26000000	0.02094000	-0.08799000	-0.13544000	0.08492000	-0.01943000	-0.03075000	0.04853000	-0.03494000	0.00517000	0.02119000	-0.03046000	0.02071000	0.00000000	-0.00065000	-0.01674000	0.02195000	-0.01366000	0.00000000	-0.00159000	0.01411000
0.26667000	0.02195000	-0.09098000	-0.13678000	0.08118000	-0.01269000	-0.03632000	0.04941000	-0.03062000	-0.00155000	0.02598000	-0.03026000	0.01567000	0.00000000	0.00598000	-0.02073000	0.02075000	-0.00808000	0.00000000	-0.00797000	0.01722000
0.27333000	0.02298000	-0.09393000	-0.13781000	0.07705000	-0.00585000	-0.04139000	0.04938000	-0.02554000	-0.00822000	0.02975000	-0.02861000	0.00973000	0.00000000	0.01221000	-0.02307000	0.01766000	-0.00166000	0.00000000	-0.01342000	0.01805000
0.28000000	0.02403000	-0.09683000	-0.13852000	0.07253000	0.00101000	-0.04590000	0.04842000	-0.01984000	-0.01463000	0.03235000	-0.02559000	0.00324000	0.00000000	0.01760000	-0.02358000	0.01296000	0.00494000	0.00000000	-0.01729000	0.01650000
0.28667000	0.02510000	-0.09968000	-0.13892000	0.06766000	0.00785000	-0.04980000	0.04657000	-0.01364000	-0.02058000	0.03367000	-0.02133000	-0.00345000	0.00000000	0.02180000	-0.02222000	0.00707000	0.01102000	0.00000000	-0.01911000	0.01275000
0.29333000	0.02619000	-0.10249000	-0.13898000	0.06246000	0.01461000	-0.05303000	0.04385000	-0.00710000	-0.02588000	0.03367000	-0.01605000	-0.00994000	0.00000000	0.02451000	-0.01911000	0.00054000	0.01595000	0.00000000	-0.01868000	0.00732000
0.30000000	0.02730000	-0.10523000	-0.13872000	0.05694000	0.02122000	-0.05555000	0.04031000	-0.00039000	-0.03037000	0.03234000	-0.00999000	-0.01585000	0.00000000	0.02556000	-0.01448000	-0.00604000	0.01923000	0.00000000	-0.01605000	0.00091000
0.30667000	0.02842000	-0.10791000	-0.13813000	0.05115000	0.02763000	-0.05732000	0.03603000	0.00633000	-0.03389000	0.02973000	-0.00346000	-0.02085000	0.00000000	0.02487000	-0.00869000	-0.01207000	0.02049000	0.00000000	-0.01152000	-0.00561000
0.31333000	0.02957000	-0.11053000	-0.13720000	0.04511000	0.03378000	-0.05834000	0.03108000	0.01289000	-0.03635000	0.02596000	0.00324000	-0.02465000	0.00000000	0.02248000	-0.00223000	-0.01700000	0.01962000	0.00000000	-0.00563000	-0.01139000
0.32000000	0.03073000	-0.11308000	-0.13595000	0.03885000	0.03962000	-0.05857000	0.02555000	0.01915000	-0.03766000	0.02116000	0.00979000	-0.02703000	0.00000000	0.01857000	0.00442000	-0.02038000	0.01670000	0.00000000	0.00092000	-0.01567000
0.32667000	0.03191000	-0.11555000	-0.13436000	0.03240000	0.04510000	-0.05802000	0.01955000	0.02493000	-0.03778000	0.01553000	0.01586000	-0.02785000	0.00000000	0.01339000	0.01072000	-0.02189000	0.01204000	0.00000000	0.00736000	-0.01786000
0.33333000	0.03311000	-0.11794000	-0.13245000	0.02579000	0.05017000	-0.05671000	0.01318000	0.03009000	-0.03671000	0.00929000	0.02117000	-0.02706000	0.00000000	0.00730000	0.01616000	-0.02140000	0.00613000	0.00000000	0.01293000	-0.01769000
0.34000000	0.03432000	-0.12025000	-0.13022000	0.01907000	0.05479000	-0.05463000	0.00657000	0.03452000	-0.03448000	0.00268000	0.02547000	-0.02472000	0.00000000	0.00072000	0.02033000	-0.01897000	-0.00042000	0.00000000	0.01698000	-0.01518000
0.34667000	0.03555000	-0.12247000	-0.12766000	0.01226000	0.05891000	-0.05183000	-0.00016000	0.03810000	-0.03116000	-0.00403000	0.02853000	-0.02094000	0.00000000	-0.00592000	0.02288000	-0.01479000	-0.00693000	0.00000000	0.01902000	-0.01065000
0.35333000	0.03680000	-0.12460000	-0.12480000	0.00539000	0.06251000	-0.04834000	-0.00689000	0.04075000	-0.02686000	-0.01059000	0.03023000	-0.01597000	0.00000000	-0.01215000	0.02362000	-0.00927000	-0.01271000	0.00000000	0.01882000	-0.00471000
0.36000000	0.03806000	-0.12664000	-0.12162000	-0.00148000	0.06554000	-0.04421000	-0.01350000	0.04239000	-0.02171000	-0.01673000	0.03047000	-0.01007000	0.00000000	-0.01756000	0.02249000	-0.00290000	-0.01718000	0.00000000	0.01640000	0.00185000
0.36667000	0.03934000	-0.12858000	-0.11815000	-0.00834000	0.06799000	-0.03949000	-0.01986000	0.04299000	-0.01588000	-0.02221000	0.02925000	-0.00359000	0.00000000	-0.02176000	0.01957000	0.00374000	-0.01984000	0.00000000	0.01204000	0.00817000
0.37333000	0.04064000	-0.13042000	-0.11438000	-0.01514000	0.06982000	-0.03425000	-0.02585000	0.04253000	-0.00954000	-0.02681000	0.02662000	0.00309000	0.00000000	-0.02449000	0.01510000	0.01003000	-0.02045000	0.00000000	0.00627000	0.01340000
0.38000000	0.04195000	-0.13216000	-0.11033000	-0.02185000	0.07104000	-0.02855000	-0.03136000	0.04103000	-0.00290000	-0.03036000	0.02271000	0.00960000	0.00000000	-0.02556000	0.00944000	0.01541000	-0.01892000	0.00000000	-0.00025000	0.01687000
0.38667000	0.04328000	-0.13379000	-0.10601000	-0.02843000	0.07161000	-0.02247000	-0.03629000	0.03851000	0.00383000	-0.03271000	0.01770000	0.01555000	0.00000000	-0.02488000	0.00303000	0.01938000	-0.01541000	0.00000000	-0.00674000	0.01808000
0.39333000	0.04462000	-0.13531000	-0.10142000	-0.03485000	0.07155000	-0.01609000	-0.04056000	0.03505000	0.01043000	-0.03377000	0.01185000	0.02061000	0.00000000	-0.02251000	-0.00362000	0.02158000	-0.01030000	0.00000000	-0.01243000	0.01691000
0.40000000	0.04597000	-0.13671000	-0.09659000	-0.04107000	0.07086000	-0.00950000	-0.04407000	0.03073000	0.01671000	-0.03350000	0.00542000	0.02448000	0.00000000	-0.01862000	-0.00999000	0.02181000	-0.00412000	0.00000000	-0.01666000	0.01350000
0.40667000	0.04735000	-0.13801000	-0.09151000	-0.04706000	0.06952000	-0.00278000	-0.04677000	0.02565000	0.02246000	-0.03191000	-0.00126000	0.02694000	0.00000000	-0.01345000	-0.01556000	0.02004000	0.00249000	0.00000000	-0.01892000	0.00829000
0.41333000	0.04873000	-0.13918000	-0.08621000	-0.05280000	0.06757000	0.00398000	-0.04861000	0.01994000	0.02750000	-0.02906000	-0.00788000	0.02784000	0.00000000	-0.00737000	-0.01990000	0.01645000	0.00884000	0.00000000	-0.01895000	0.00199000
0.42000000	0.05013000	-0.14023000	-0.08070000	-0.05824000	0.06502000	0.01069000	-0.04954000	0.01375000	0.03168000	-0.02507000	-0.01413000	0.02714000	0.00000000	-0.00078000	-0.02266000	0.01135000	0.01428000	0.00000000	-0.01674000	-0.00458000
0.42667000	0.05154000	-0.14116000	-0.07499000	-0.06337000	0.06189000	0.01725000	-0.04957000	0.00721000	0.03485000	-0.02009000	-0.01970000	0.02488000	0.00000000	0.00585000	-0.02363000	0.00522000	0.01822000	0.00000000	-0.01256000	-0.01054000
0.43333000	0.05297000	-0.14197000	-0.06910000	-0.06815000	0.05820000	0.02359000	-0.04867000	0.00049000	0.03692000	-0.01432000	-0.02431000	0.02118000	0.00000000	0.01209000	-0.02272000	-0.00139000	0.02026000	0.00000000	-0.00690000	-0.01510000
0.44000000	0.05441000	-0.14265000	-0.06305000	-0.07256000	0.05400000	0.02961000	-0.04688000	-0.00623000	0.03783000	-0.00799000	-0.02776000	0.01626000	0.00000000	0.01751000	-0.02001000	-0.00787000	0.02020000	0.00000000	-0.00042000	-0.01767000
0.44667000	0.05586000	-0.14320000	-0.05684000	-0.07658000	0.04932000	0.03525000	-0.04422000	-0.01281000	0.03754000	-0.00133000	-0.02988000	0.01040000	0.00000000	0.02173000	-0.01572000	-0.01364000	0.01802000	0.00000000	0.00611000	-0.01788000
0.45333000	0.05732000	-0.14362000	-0.05050000	-0.08018000	0.04419000	0.04042000	-0.04074000	-0.01906000	0.03607000	0.00537000	-0.03055000	0.00395000	0.00000000	0.02447000	-0.01018000	-0.01815000	0.01397000	0.00000000	0.01191000	-0.01573000
0.46000000	0.05880000	-0.14390000	-0.04404000	-0.08335000	0.03868000	0.04505000	-0.03651000	-0.02485000	0.03346000	0.01186000	-0.02976000	-0.00274000	0.00000000	0.02556000	-0.00383000	-0.02102000	0.00846000	0.00000000	0.01632000	-0.01150000
0.46667000	0.06029000	-0.14406000	-0.03748000	-0.08607000	0.03281000	0.04908000	-0.03160000	-0.03003000	0.02979000	0.01788000	-0.02754000	-0.00926000	0.00000000	0.02490000	0.00282000	-0.02195000	0.00207000	0.00000000	0.01879000	-0.00574000
0.47333000	0.06179000	-0.14408000	-0.03084000	-0.08832000	0.02666000	0.05247000	-0.02611000	-0.03447000	0.02518000	0.02320000	-0.02399000	-0.01525000	0.00000000	0.02255000	0.00925000	-0.02089000	-0.00454000	0.00000000	0.01905000	0.00078000
0.48000000	0.06330000	-0.14396000	-0.02413000	-0.09010000	0.02027000	0.05516000	-0.02014000	-0.03806000	0.01978000	0.02761000	-0.01929000	-0.02037000	0.00000000	0.01866000	0.01494000	-0.01792000	-0.01067000	0.00000000	0.01706000	0.00720000
0.48667000	0.06482000	-0.14370000	-0.01738000	-0.09139000	0.01369000	0.05712000	-0.01379000	-0.04072000	0.01375000	0.03093000	-0.01365000	-0.02431000	0.00000000	0.01351000	0.01945000	-0.01331000	-0.01569000	0.00000000	0.01306000	0.01266000
0.49333000	0.06636000	-0.14331000	-0.01060000	-0.09219000	0.00699000	0.05833000	-0.00720000	-0.04237000	0.00729000	0.03303000	-0.00737000	-0.02684000	0.00000000	0.00743000	0.02242000	-0.00748000	-0.01908000	0.00000000	0.00752000	0.01644000
0.50000000	0.06790000	-0.14277000	-0.00381000	-0.09250000	0.00023000	0.05876000	-0.00046000	-0.04298000	0.00060000	0.03382000	-0.00073000	-0.02784000	0.00000000	0.00085000	0.02361000	-0.00097000	-0.02048000	0.00000000	0.00109000	0.01805000
0.50667000	0.06946000	-0.14210000	0.00296000	-0.09231000	-0.00653000	0.05841000	0.00628000	-0.04253000	-0.00612000	0.03329000	0.00595000	-0.02722000	0.00000000	-0.00578000	0.02293000	0.00562000	-0.01973000	0.00000000	-0.00547000	0.01726000
0.51333000	0.07102000	-0.14129000	0.00971000	-0.09163000	-0.01324000	0.05729000	0.01290000	-0.04104000	-0.01263000	0.03144000	0.01234000	-0.02504000	0.00000000	-0.01203000	0.02043000	0.01171000	-0.01694000	0.00000000	-0.01138000	0.01419000
0.52000000	0.07260000	-0.14034000	0.01642000	-0.09045000	-0.01984000	0.05542000	0.01929000	-0.03854000	-0.01875000	0.02835000	0.01814000	-0.02141000	0.00000000	-0.01746000	0.01631000	0.01672000	-0.01238000	0.00000000	-0.01595000	0.00923000
0.52667000	0.07419000	-0.13924000	0.02306000	-0.08879000	-0.02625000	0.05280000	0.02532000	-0.03509000	-0.02428000	0.02415000	0.02306000	-0.01655000	0.00000000	-0.02169000	0.01090000	0.02021000	-0.00652000	0.00000000	-0.01864000	0.00305000
0.53333000	0.07578000	-0.13800000	0.02961000	-0.08665000	-0.03244000	0.04949000	0.03088000	-0.03078000	-0.02904000	0.01899000	0.02687000	-0.01074000	0.00000000	-0.02445000	0.00463000	0.02185000	0.00001000	0.00000000	-0.01912000	-0.00353000
0.54000000	0.07739000	-0.13663000	0.03607000	-0.08406000	-0.03834000	0.04552000	0.03587000	-0.02571000	-0.03288000	0.01309000	0.02940000	-0.00430000	0.00000000	-0.02556000	-0.00202000	0.02150000	0.00654000	0.00000000	-0.01736000	-0.00965000
0.54667000	0.07900000	-0.13511000	0.04240000	-0.08101000	-0.04391000	0.04095000	0.04020000	-0.02001000	-0.03569000	0.00667000	0.03051000	0.00238000	0.00000000	-0.02491000	-0.00850000	0.01918000	0.01239000	0.00000000	-0.01354000	-0.01448000
0.55333000	0.08063000	-0.13345000	0.04859000	-0.07753000	-0.04908000	0.03584000	0.04378000	-0.01381000	-0.03737000	-0.00001000	0.03015000	0.00892000	0.00000000	-0.02258000	-0.01431000	0.01511000	0.01694000	0.00000000	-0.00813000	-0.01740000
0.56000000	0.08226000	-0.13165000	0.05464000	-0.07364000	-0.05382000	0.03025000	0.04655000	-0.00728000	-0.03787000	-0.00669000	0.02834000	0.01495000	0.00000000	-0.01871000	-0.01898000	0.00966000	0.01974000	0.00000000	-0.00175000	-0.01802000
0.56667000	0.08390000	-0.12971000	0.06051000	-0.06936000	-0.05809000	0.02426000	0.04847000	-0.00056000	-0.03717000	-0.01311000	0.02517000	0.02012000	0.00000000	-0.01356000	-0.02215000	0.00332000	0.02047000	0.00000000	0.00483000	-0.01623000
0.57333000	0.08555000	-0.12764000	0.06619000	-0.06471000	-0.06184000	0.01795000	0.04948000	0.00616000	-0.03530000	-0.01901000	0.02078000	0.02413000	0.00000000	-0.00750000	-0.02357000	-0.00331000	0.01907000	0.00000000	0.01083000	-0.01231000
0.58000000	0.08721000	-0.12542000	0.07166000	-0.05971000	-0.06505000	0.01140000	0.04959000	0.01274000	-0.03232000	-0.02417000	0.01540000	0.02675000	0.00000000	-0.00092000	-0.02311000	-0.00965000	0.01568000	0.00000000	0.01557000	-0.00675000
0.58667000	0.08887000	-0.12307000	0.07692000	-0.05441000	-0.06769000	0.00469000	0.04877000	0.01900000	-0.02831000	-0.02837000	0.00928000	0.02782000	0.00000000	0.00572000	-0.02083000	-0.01510000	0.01066000	0.00000000	0.01846000	-0.00029000
0.59333000	0.09054000	-0.12058000	0.08194000	-0.04881000	-0.06972000	-0.00207000	0.04705000	0.02479000	-0.02341000	-0.03145000	0.00271000	0.02729000	0.00000000	0.01197000	-0.01689000	-0.01917000	0.00452000	0.00000000	0.01918000	0.00620000
0.60000000	0.09222000	-0.11796000	0.08671000	-0.04297000	-0.07114000	-0.00881000	0.04447000	0.02998000	-0.01778000	-0.03329000	-0.00399000	0.02519000	0.00000000	0.01741000	-0.01161000	-0.02149000	-0.00208000	0.00000000	0.01764000	0.01187000
0.60667000	0.09391000	-0.11520000	0.09122000	-0.03689000	-0.07194000	-0.01543000	0.04106000	0.03442000	-0.01158000	-0.03382000	-0.01050000	0.02164000	0.00000000	0.02166000	-0.00542000	-0.02185000	-0.00847000	0.00000000	0.01400000	0.01597000
0.61333000	0.09561000	-0.11231000	0.09545000	-0.03063000	-0.07209000	-0.02185000	0.03689000	0.03802000	-0.00501000	-0.03302000	-0.01650000	0.01684000	0.00000000	0.02443000	0.00121000	-0.02021000	-0.01398000	0.00000000	0.00873000	0.01795000
0.62000000	0.09731000	-0.10928000	0.09938000	-0.02422000	-0.07162000	-0.02798000	0.03204000	0.04069000	0.00171000	-0.03092000	-0.02171000	0.01107000	0.00000000	0.02555000	0.00774000	-0.01673000	-0.01803000	0.00000000	0.00242000	0.01756000
0.62667000	0.09901000	-0.10613000	0.10302000	-0.01768000	-0.07051000	-0.03375000	0.02659000	0.04235000	0.00838000	-0.02760000	-0.02587000	0.00466000	0.00000000	0.02493000	0.01366000	-0.01172000	-0.02020000	0.00000000	-0.00418000	0.01483000
0.63333000	0.10073000	-0.10285000	0.10635000	-0.01106000	-0.06878000	-0.03907000	0.02065000	0.04297000	0.01478000	-0.02319000	-0.02879000	-0.00202000	0.00000000	0.02261000	0.01849000	-0.00564000	-0.02026000	0.00000000	-0.01027000	0.01014000
0.64000000	0.10245000	-0.09945000	0.10935000	-0.00440000	-0.06645000	-0.04387000	0.01433000	0.04254000	0.02072000	-0.01787000	-0.03033000	-0.00858000	0.00000000	0.01876000	0.02186000	0.00096000	-0.01822000	0.00000000	-0.01517000	0.00411000
0.64667000	0.10417000	-0.09592000	0.11202000	0.00228000	-0.06353000	-0.04809000	0.00775000	0.04105000	0.02600000	-0.01184000	-0.03041000	-0.01465000	0.00000000	0.01362000	0.02349000	0.00747000	-0.01427000	0.00000000	-0.01826000	-0.00247000
0.65333000	0.10591000	-0.09227000	0.11434000	0.00893000	-0.06006000	-0.05168000	0.00102000	0.03856000	0.03046000	-0.00535000	-0.02902000	-0.01987000	0.00000000	0.00756000	0.02327000	0.01329000	-0.00883000	0.00000000	-0.01921000	-0.00872000
0.66000000	0.10764000	-0.08850000	0.11632000	0.01552000	-0.05606000	-0.05459000	-0.00573000	0.03512000	0.03396000	0.00136000	-0.02624000	-0.02395000	0.00000000	0.00099000	0.02120000	0.01791000	-0.00248000	0.00000000	-0.01789000	-0.01382000
0.66667000	0.10939000	-0.08461000	0.11794000	0.02201000	-0.05157000	-0.05678000	-0.01238000	0.03081000	0.03639000	0.00801000	-0.02220000	-0.02664000	0.00000000	-0.00565000	0.01744000	0.02088000	0.00414000	0.00000000	-0.01445000	-0.01707000
0.67333000	0.11113000	-0.08061000	0.11920000	0.02836000	-0.04663000	-0.05822000	-0.01879000	0.02575000	0.03767000	0.01434000	-0.01709000	-0.02780000	0.00000000	-0.01191000	0.01231000	0.02195000	0.01032000	0.00000000	-0.00932000	-0.01807000
0.68000000	0.11289000	-0.07649000	0.12009000	0.03454000	-0.04129000	-0.05889000	-0.02487000	0.02005000	0.03776000	0.02011000	-0.01115000	-0.02737000	0.00000000	-0.01736000	0.00620000	0.02102000	0.01543000	0.00000000	-0.00308000	-0.01668000
0.68667000	0.11464000	-0.07226000	0.12061000	0.04052000	-0.03559000	-0.05878000	-0.03048000	0.01386000	0.03665000	0.02509000	-0.00468000	-0.02534000	0.00000000	-0.02162000	-0.00040000	0.01816000	0.01892000	0.00000000	0.00352000	-0.01307000
0.69333000	0.11641000	-0.06792000	0.12075000	0.04625000	-0.02959000	-0.05791000	-0.03553000	0.00732000	0.03439000	0.02907000	0.00201000	-0.02187000	0.00000000	-0.02441000	-0.00697000	0.01365000	0.02045000	0.00000000	0.00970000	-0.00773000
0.70000000	0.11817000	-0.06348000	0.12052000	0.05172000	-0.02333000	-0.05627000	-0.03993000	0.00061000	0.03104000	0.03192000	0.00861000	-0.01713000	0.00000000	-0.02555000	-0.01299000	0.00789000	0.01984000	0.00000000	0.01475000	-0.00137000
0.70667000	0.11994000	-0.05893000	0.11990000	0.05687000	-0.01688000	-0.05389000	-0.04360000	-0.00613000	0.02671000	0.03350000	0.01479000	-0.01140000	0.00000000	-0.02494000	-0.01797000	0.00140000	0.01717000	0.00000000	0.01804000	0.00518000
0.71333000	0.12172000	-0.05429000	0.11890000	0.06170000	-0.01030000	-0.05081000	-0.04646000	-0.01271000	0.02154000	0.03376000	0.02026000	-0.00502000	0.00000000	-0.02264000	-0.02154000	-0.00521000	0.01270000	0.00000000	0.01922000	0.01103000
0.72000000	0.12350000	-0.04955000	0.11752000	0.06617000	-0.00364000	-0.04706000	-0.04846000	-0.01898000	0.01569000	0.03270000	0.02476000	0.00166000	0.00000000	-0.01880000	-0.02340000	-0.01134000	0.00692000	0.00000000	0.01812000	0.01544000
0.72667000	0.12528000	-0.04471000	0.11577000	0.07024000	0.00303000	-0.04270000	-0.04958000	-0.02479000	0.00934000	0.03034000	0.02806000	0.00823000	0.00000000	-0.01368000	-0.02339000	-0.01644000	0.00041000	0.00000000	0.01489000	0.01778000
0.73333000	0.12707000	-0.03978000	0.11363000	0.07391000	0.00966000	-0.03778000	-0.04978000	-0.02999000	0.00269000	0.02679000	0.03002000	0.01434000	0.00000000	-0.00763000	-0.02154000	-0.02004000	-0.00614000	0.00000000	0.00990000	0.01778000
0.74000000	0.12886000	-0.03476000	0.11112000	0.07714000	0.01618000	-0.03238000	-0.04907000	-0.03446000	-0.00404000	0.02218000	0.03053000	0.01961000	0.00000000	-0.00106000	-0.01798000	-0.02181000	-0.01206000	0.00000000	0.00374000	0.01542000
0.74667000	0.13065000	-0.02965000	0.10824000	0.07992000	0.02253000	-0.02655000	-0.04746000	-0.03808000	-0.01065000	0.01669000	0.02957000	0.02376000	0.00000000	0.00558000	-0.01299000	-0.02158000	-0.01671000	0.00000000	-0.00286000	0.01101000
0.75333000	0.13245000	-0.02446000	0.10499000	0.08222000	0.02866000	-0.02039000	-0.04498000	-0.04077000	-0.01692000	0.01055000	0.02719000	0.02653000	0.00000000	0.01185000	-0.00698000	-0.01938000	-0.01962000	0.00000000	-0.00912000	0.00515000
0.76000000	0.13425000	-0.01919000	0.10138000	0.08404000	0.03451000	-0.01398000	-0.04167000	-0.04246000	-0.02266000	0.00399000	0.02351000	0.02778000	0.00000000	0.01730000	-0.00041000	-0.01542000	-0.02049000	0.00000000	-0.01431000	-0.00140000
0.76667000	0.13605000	-0.01384000	0.09741000	0.08536000	0.04001000	-0.00740000	-0.03761000	-0.04311000	-0.02769000	-0.00273000	0.01868000	0.02742000	0.00000000	0.02158000	0.00619000	-0.01004000	-0.01922000	0.00000000	-0.01780000	-0.00776000
0.77333000	0.13785000	-0.00842000	0.09310000	0.08616000	0.04513000	-0.00074000	-0.03286000	-0.04271000	-0.03185000	-0.00934000	0.01296000	0.02548000	0.00000000	0.02439000	0.01230000	-0.00375000	-0.01595000	0.00000000	-0.01920000	-0.01309000
0.78000000	0.13966000	-0.00293000	0.08844000	0.08644000	0.04982000	0.00591000	-0.02752000	-0.04127000	-0.03501000	-0.01559000	0.00662000	0.02208000	0.00000000	0.02554000	0.01744000	0.00288000	-0.01101000	0.00000000	-0.01834000	-0.01670000
0.78667000	0.14147000	0.00263000	0.08345000	0.08619000	0.05402000	0.01246000	-0.02168000	-0.03882000	-0.03706000	-0.02122000	-0.00005000	0.01740000	0.00000000	0.02495000	0.02119000	0.00925000	-0.00493000	0.00000000	-0.01530000	-0.01808000
0.79333000	0.14328000	0.00826000	0.07814000	0.08542000	0.05769000	0.01881000	-0.01546000	-0.03542000	-0.03796000	-0.02603000	-0.00671000	0.01171000	0.00000000	0.02267000	0.02326000	0.01478000	0.00167000	0.00000000	-0.01046000	-0.01706000
0.80000000	0.14509000	0.01394000	0.07251000	0.08411000	0.06081000	0.02488000	-0.00898000	-0.03117000	-0.03766000	-0.02981000	-0.01306000	0.00535000	0.00000000	0.01884000	0.02349000	0.01896000	0.00809000	0.00000000	-0.00439000	-0.01380000
0.80667000	0.14691000	0.01969000	0.06658000	0.08228000	0.06333000	0.03058000	-0.00235000	-0.02616000	-0.03618000	-0.03242000	-0.01878000	-0.00132000	0.00000000	0.01373000	0.02185000	0.02140000	0.01367000	0.00000000	0.00220000	-0.00869000
0.81333000	0.14873000	0.02549000	0.06036000	0.07991000	0.06523000	0.03584000	0.00430000	-0.02053000	-0.03357000	-0.03377000	-0.02360000	-0.00792000	0.00000000	0.00768000	0.01849000	0.02188000	0.01782000	0.00000000	0.00853000	-0.00244000
0.82000000	0.15055000	0.03135000	0.05385000	0.07703000	0.06649000	0.04058000	0.01084000	-0.01441000	-0.02991000	-0.03379000	-0.02729000	-0.01407000	0.00000000	0.00111000	0.01365000	0.02037000	0.02012000	0.00000000	0.01385000	0.00414000
0.82667000	0.15237000	0.03726000	0.04707000	0.07364000	0.06708000	0.04473000	0.01714000	-0.00796000	-0.02533000	-0.03248000	-0.02968000	-0.01940000	0.00000000	-0.00554000	0.00773000	0.01700000	0.02031000	0.00000000	0.01754000	0.01016000
0.83333000	0.15419000	0.04321000	0.04003000	0.06975000	0.06701000	0.04824000	0.02309000	-0.00134000	-0.01996000	-0.02991000	-0.03064000	-0.02363000	0.00000000	-0.01182000	0.00120000	0.01207000	0.01839000	0.00000000	0.01916000	0.01484000
0.84000000	0.15601000	0.04921000	0.03275000	0.06537000	0.06625000	0.05104000	0.02856000	0.00528000	-0.01398000	-0.02618000	-0.03014000	-0.02650000	0.00000000	-0.01730000	-0.00543000	0.00604000	0.01455000	0.00000000	0.01852000	0.01756000
0.84667000	0.15784000	0.05524000	0.02523000	0.06051000	0.06481000	0.05310000	0.03346000	0.01174000	-0.00759000	-0.02143000	-0.02821000	-0.02785000	0.00000000	-0.02160000	-0.01164000	-0.00055000	0.00919000	0.00000000	0.01569000	0.01794000
0.85333000	0.15967000	0.06132000	0.01750000	0.05521000	0.06268000	0.05437000	0.03768000	0.01787000	-0.00098000	-0.01586000	-0.02493000	-0.02760000	0.00000000	-0.02444000	-0.01692000	-0.00709000	0.00287000	0.00000000	0.01101000	0.01594000
0.86000000	0.16149000	0.06743000	0.00955000	0.04946000	0.05989000	0.05484000	0.04114000	0.02350000	0.00562000	-0.00968000	-0.02047000	-0.02578000	0.00000000	-0.02564000	-0.02088000	-0.01299000	-0.00375000	0.00000000	0.00503000	0.01184000
0.86667000	0.16332000	0.07358000	0.00141000	0.04330000	0.05645000	0.05448000	0.04376000	0.02850000	0.01200000	-0.00316000	-0.01505000	-0.02249000	0.00000000	-0.02509000	-0.02318000	-0.01770000	-0.00999000	0.00000000	-0.00155000	0.00615000
0.87333000	0.16515000	0.07976000	-0.00691000	0.03674000	0.05236000	0.05328000	0.04548000	0.03274000	0.01795000	0.00345000	-0.00893000	-0.01792000	0.00000000	-0.02286000	-0.02366000	-0.02081000	-0.01519000	0.00000000	-0.00795000	-0.00034000
0.88000000	0.16698000	0.08596000	-0.01540000	0.02982000	0.04766000	0.05126000	0.04626000	0.03609000	0.02327000	0.00987000	-0.00242000	-0.01235000	0.00000000	-0.01909000	-0.02228000	-0.02203000	-0.01882000	0.00000000	-0.01342000	-0.00681000
0.88667000	0.16881000	0.09219000	-0.02404000	0.02254000	0.04237000	0.04841000	0.04608000	0.03846000	0.02778000	0.01586000	0.00416000	-0.00609000	0.00000000	-0.01404000	-0.01915000	-0.02125000	-0.02049000	0.00000000	-0.01731000	-0.01237000
0.89333000	0.17065000	0.09844000	-0.03282000	0.01494000	0.03652000	0.04477000	0.04491000	0.03978000	0.03134000	0.02114000	0.01049000	0.00047000	0.00000000	-0.00808000	-0.01453000	-0.01855000	-0.02005000	0.00000000	-0.01917000	-0.01630000
0.90000000	0.17248000	0.10471000	-0.04173000	0.00704000	0.03014000	0.04036000	0.04276000	0.03999000	0.03380000	0.02552000	0.01625000	0.00695000	0.00000000	-0.00161000	-0.00880000	-0.01419000	-0.01754000	0.00000000	-0.01880000	-0.01809000
0.90667000	0.17431000	0.11100000	-0.05076000	-0.00113000	0.02328000	0.03522000	0.03965000	0.03908000	0.03507000	0.02878000	0.02115000	0.01296000	0.00000000	0.00492000	-0.00240000	-0.00856000	-0.01322000	0.00000000	-0.01622000	-0.01750000
0.91333000	0.17615000	0.11731000	-0.05989000	-0.00955000	0.01597000	0.02939000	0.03561000	0.03703000	0.03510000	0.03080000	0.02492000	0.01814000	0.00000000	0.01104000	0.00412000	-0.00220000	-0.00757000	0.00000000	-0.01176000	-0.01461000
0.92000000	0.17798000	0.12363000	-0.06911000	-0.01818000	0.00825000	0.02292000	0.03069000	0.03388000	0.03384000	0.03145000	0.02737000	0.02217000	0.00000000	0.01632000	0.01024000	0.00430000	-0.00119000	0.00000000	-0.00596000	-0.00983000
0.92667000	0.17981000	0.12996000	-0.07841000	-0.02701000	0.00017000	0.01587000	0.02494000	0.02966000	0.03130000	0.03067000	0.02835000	0.02479000	0.00000000	0.02038000	0.01545000	0.01032000	0.00525000	0.00000000	0.00048000	-0.00380000
0.93333000	0.18165000	0.13630000	-0.08778000	-0.03601000	-0.00824000	0.00830000	0.01844000	0.02444000	0.02754000	0.02848000	0.02777000	0.02580000	0.00000000	0.02289000	0.01930000	0.01528000	0.01104000	0.00000000	0.00678000	0.00266000
0.94000000	0.18348000	0.14266000	-0.09720000	-0.04516000	-0.01693000	0.00027000	0.01126000	0.01831000	0.02261000	0.02489000	0.02561000	0.02512000	0.00000000	0.02366000	0.02146000	0.01870000	0.01555000	0.00000000	0.01216000	0.00867000
0.94667000	0.18532000	0.14901000	-0.10667000	-0.05442000	-0.02585000	-0.00816000	0.00349000	0.01135000	0.01662000	0.02000000	0.02192000	0.02270000	0.00000000	0.02256000	0.02168000	0.02020000	0.01824000	0.00000000	0.01593000	0.01337000
0.95333000	0.18715000	0.15538000	-0.11618000	-0.06379000	-0.03497000	-0.01692000	-0.00479000	0.00369000	0.00969000	0.01392000	0.01681000	0.01864000	0.00000000	0.01962000	0.01989000	0.01958000	0.01879000	0.00000000	0.01760000	0.01609000
0.96000000	0.18899000	0.16175000	-0.12572000	-0.07323000	-0.04424000	-0.02595000	-0.01348000	-0.00457000	0.00197000	0.00683000	0.01043000	0.01307000	0.00000000	0.01492000	0.01613000	0.01681000	0.01704000	0.00000000	0.01688000	0.01639000
0.96667000	0.19082000	0.16812000	-0.13529000	-0.08273000	-0.05364000	-0.03518000	-0.02250000	-0.01330000	-0.00641000	-0.00112000	0.00298000	0.00619000	0.00000000	0.00868000	0.01059000	0.01202000	0.01304000	0.00000000	0.01371000	0.01408000
0.97333000	0.19266000	0.17449000	-0.14487000	-0.09228000	-0.06312000	-0.04458000	-0.03176000	-0.02239000	-0.01529000	-0.00974000	-0.00532000	-0.00175000	0.00000000	0.00116000	0.00353000	0.00547000	0.00705000	0.00000000	0.00832000	0.00933000
0.98000000	0.19449000	0.18087000	-0.15446000	-0.10185000	-0.07267000	-0.05407000	-0.04119000	-0.03174000	-0.02451000	-0.01882000	-0.01423000	-0.01046000	0.00000000	-0.00732000	-0.00468000	-0.00244000	-0.00053000	0.00000000	0.00110000	0.00250000
0.98667000	0.19633000	0.18725000	-0.16405000	-0.11144000	-0.08224000	-0.06363000	-0.05072000	-0.04123000	-0.03396000	-0.02821000	-0.02354000	-0.01969000	0.00000000	-0.01644000	-0.01368000	-0.01130000	-0.00924000	0.00000000	-0.00743000	-0.00583000
0.99333000	0.19816000	0.19362000	-0.17365000	-0.12104000	-0.09184000	-0.07322000	-0.06030000	-0.05080000	-0.04352000	-0.03775000	-0.03306000	-0.02918000	0.00000000	-0.02591000	-0.02311000	-0.02068000	-0.01857000	0.00000000	-0.01670000	-0.01504000
1.00000000	0.20000000	0.20000000	-0.18325000	-0.13064000	-0.10144000	-0.08282000	-0.06990000	-0.06040000	-0.05311000	-0.04734000	-0.04266000	-0.03877000	0.00000000	-0.03549000	-0.03269000	-0.03027000	-0.02815000	0.00000000	-0.02627000	-0.02461000
