#x	Mode 1: Theta Y	Mode 2: Theta Y	Mode 3: Theta Y	Mode 4: Theta Y	Mode 5: Theta Y	Mode 6: Theta Y	Mode 7: Theta Y	Mode 8: Theta Y	Mode 9: Theta Y	Mode 10: Theta Y	Mode 11: Theta Y	Mode 12: Theta Y	Mode 13: Theta Y	Mode 14: Theta Y	Mode 15: Theta Y	Mode 16: Theta Y	Mode 17: Theta Y	Mode 18: Theta Y	Mode 19: Theta Y	Mode 20: Theta Y
0.00000000	0.00000000	0.00000000	0.00000000	0.00000000	0.00000000	0.00000000	0.00000000	0.00000000	0.00000000	0.00000000	0.00000000	0.00000000	0.00000000	0.00000000	0.00000000	0.00000000	0.00000000	0.00000000	0.00000000	0.00000000
0.00667000	-0.00065000	0.00401000	0.01019000	-0.01408000	0.01788000	-0.02157000	0.02515000	-0.02862000	0.03197000	-0.03521000	0.03834000	-0.04135000	0.00000000	0.04426000	-0.04705000	0.04974000	-0.05232000	0.00000000	0.05480000	-0.05719000
0.01333000	-0.00129000	0.00790000	0.01984000	-0.02710000	0.03400000	-0.04052000	0.04666000	-0.05241000	0.05778000	-0.06277000	0.06740000	-0.07165000	0.00000000	0.07555000	-0.07909000	0.08229000	-0.08516000	0.00000000	0.08771000	-0.08994000
0.02000000	-0.00193000	0.01165000	0.02893000	-0.03904000	0.04836000	-0.05685000	0.06452000	-0.07138000	0.07744000	-0.08272000	0.08722000	-0.09096000	0.00000000	0.09398000	-0.09628000	0.09789000	-0.09885000	0.00000000	0.09916000	-0.09887000
0.02667000	-0.00256000	0.01528000	0.03749000	-0.04992000	0.06096000	-0.07057000	0.07877000	-0.08558000	0.09103000	-0.09515000	0.09799000	-0.09959000	0.00000000	0.09999000	-0.09926000	0.09744000	-0.09461000	0.00000000	0.09082000	-0.08614000
0.03333000	-0.00318000	0.01877000	0.04549000	-0.05973000	0.07181000	-0.08170000	0.08944000	-0.09509000	0.09870000	-0.10036000	0.10015000	-0.09818000	0.00000000	0.09455000	-0.08939000	0.08282000	-0.07498000	0.00000000	0.06600000	-0.05603000
0.04000000	-0.00380000	0.02214000	0.05295000	-0.06848000	0.08093000	-0.09028000	0.09661000	-0.10004000	0.10070000	-0.09874000	0.09434000	-0.08771000	0.00000000	0.07906000	-0.06864000	0.05668000	-0.04344000	0.00000000	0.02920000	-0.01422000
0.04667000	-0.00441000	0.02537000	0.05987000	-0.07618000	0.08832000	-0.09633000	0.10037000	-0.10063000	0.09737000	-0.09086000	0.08145000	-0.06949000	0.00000000	0.05537000	-0.03953000	0.02238000	-0.00436000	0.00000000	-0.01408000	0.03251000
0.05333000	-0.00502000	0.02848000	0.06624000	-0.08282000	0.09402000	-0.09994000	0.10086000	-0.09713000	0.08916000	-0.07746000	0.06258000	-0.04513000	0.00000000	0.02574000	-0.00509000	-0.01617000	0.03736000	0.00000000	-0.05786000	0.07705000
0.06000000	-0.00562000	0.03145000	0.07207000	-0.08843000	0.09805000	-0.10118000	0.09825000	-0.08984000	0.07663000	-0.05941000	0.03906000	-0.01649000	0.00000000	-0.00733000	0.03145000	-0.05491000	0.07684000	0.00000000	-0.09642000	0.11295000
0.06667000	-0.00621000	0.03430000	0.07736000	-0.09300000	0.10046000	-0.10014000	0.09274000	-0.07915000	0.06041000	-0.03771000	0.01231000	0.01444000	0.00000000	-0.04123000	0.06676000	-0.08986000	0.10946000	0.00000000	-0.12470000	0.13489000
0.07333000	-0.00680000	0.03702000	0.08212000	-0.09657000	0.10129000	-0.09694000	0.08457000	-0.06549000	0.04122000	-0.01343000	-0.01610000	0.04559000	0.00000000	-0.07334000	0.09777000	-0.11753000	0.13156000	0.00000000	-0.13910000	0.13975000
0.08000000	-0.00738000	0.03961000	0.08634000	-0.09913000	0.10059000	-0.09171000	0.07402000	-0.04935000	0.01983000	0.01226000	-0.04461000	0.07496000	0.00000000	-0.10126000	0.12178000	-0.13519000	0.14061000	0.00000000	-0.13772000	0.12668000
0.08667000	-0.00796000	0.04206000	0.09004000	-0.10072000	0.09843000	-0.08461000	0.06137000	-0.03125000	-0.00293000	0.03821000	-0.07168000	0.10066000	0.00000000	-0.12290000	0.13668000	-0.14097000	0.13543000	0.00000000	-0.12045000	0.09711000
0.09333000	-0.00853000	0.04439000	0.09321000	-0.10136000	0.09487000	-0.07579000	0.04696000	-0.01174000	-0.02623000	0.06325000	-0.09586000	0.12108000	0.00000000	-0.13665000	0.14120000	-0.13429000	0.11651000	0.00000000	-0.08932000	0.05501000
0.10000000	-0.00909000	0.04660000	0.09586000	-0.10106000	0.09000000	-0.06545000	0.03113000	0.00861000	-0.04923000	0.08630000	-0.11589000	0.13495000	0.00000000	-0.14150000	0.13486000	-0.11565000	0.08570000	0.00000000	-0.04788000	0.00579000
0.10667000	-0.00965000	0.04867000	0.09801000	-0.09987000	0.08390000	-0.05376000	0.01425000	0.02922000	-0.07112000	0.10635000	-0.13072000	0.14135000	0.00000000	-0.13698000	0.11806000	-0.08663000	0.04612000	0.00000000	-0.00092000	-0.04406000
0.11333000	-0.01021000	0.05061000	0.09964000	-0.09781000	0.07667000	-0.04094000	-0.00332000	0.04951000	-0.09114000	0.12255000	-0.13955000	0.13987000	0.00000000	-0.12339000	0.09211000	-0.04988000	0.00189000	0.00000000	0.04600000	-0.08796000
0.12000000	-0.01075000	0.05243000	0.10078000	-0.09492000	0.06840000	-0.02721000	-0.02120000	0.06893000	-0.10859000	0.13420000	-0.14192000	0.13054000	0.00000000	-0.10157000	0.05900000	-0.00869000	-0.04245000	0.00000000	0.08745000	-0.12018000
0.12667000	-0.01129000	0.05412000	0.10143000	-0.09123000	0.05919000	-0.01278000	-0.03900000	0.08695000	-0.12288000	0.14078000	-0.13765000	0.11383000	0.00000000	-0.07297000	0.02132000	0.03320000	-0.08228000	0.00000000	0.11847000	-0.13635000
0.13333000	-0.01183000	0.05569000	0.10161000	-0.08678000	0.04917000	0.00211000	-0.05637000	0.10308000	-0.13351000	0.14201000	-0.12692000	0.09071000	0.00000000	-0.03952000	-0.01796000	0.07199000	-0.11347000	0.00000000	0.13549000	-0.13445000
0.14000000	-0.01236000	0.05713000	0.10131000	-0.08162000	0.03843000	0.01725000	-0.07293000	0.11689000	-0.14010000	0.13780000	-0.11021000	0.06245000	0.00000000	-0.00346000	-0.05576000	0.10417000	-0.13283000	0.00000000	0.13654000	-0.11474000
0.14667000	-0.01288000	0.05845000	0.10055000	-0.07579000	0.02712000	0.03239000	-0.08837000	0.12801000	-0.14243000	0.12827000	-0.08829000	0.03067000	0.00000000	0.03278000	-0.08908000	0.12676000	-0.13826000	0.00000000	0.12138000	-0.07973000
0.15333000	-0.01340000	0.05964000	0.09934000	-0.06934000	0.01533000	0.04731000	-0.10235000	0.13615000	-0.14039000	0.11380000	-0.06222000	-0.00281000	0.00000000	0.06673000	-0.11530000	0.13777000	-0.12928000	0.00000000	0.09193000	-0.03420000
0.16000000	-0.01391000	0.06070000	0.09770000	-0.06232000	0.00321000	0.06180000	-0.11461000	0.14107000	-0.13403000	0.09494000	-0.03322000	-0.03608000	0.00000000	0.09612000	-0.13237000	0.13619000	-0.10683000	0.00000000	0.05162000	0.01590000
0.16667000	-0.01441000	0.06165000	0.09563000	-0.05478000	-0.00912000	0.07563000	-0.12490000	0.14263000	-0.12353000	0.07239000	-0.00268000	-0.06722000	0.00000000	0.11892000	-0.13890000	0.12211000	-0.07318000	0.00000000	0.00519000	0.06388000
0.17333000	-0.01491000	0.06247000	0.09316000	-0.04677000	-0.02154000	0.08861000	-0.13299000	0.14079000	-0.10921000	0.04706000	0.02795000	-0.09446000	0.00000000	0.13361000	-0.13442000	0.09689000	-0.03193000	0.00000000	-0.04183000	0.10340000
0.18000000	-0.01540000	0.06317000	0.09029000	-0.03836000	-0.03393000	0.10056000	-0.13874000	0.13557000	-0.09150000	0.01992000	0.05721000	-0.11624000	0.00000000	0.13921000	-0.11928000	0.06282000	0.01267000	0.00000000	-0.08396000	0.12927000
0.18667000	-0.01589000	0.06375000	0.08704000	-0.02958000	-0.04615000	0.11129000	-0.14202000	0.12709000	-0.07096000	-0.00797000	0.08368000	-0.13129000	0.00000000	0.13530000	-0.09465000	0.02298000	0.05594000	0.00000000	-0.11614000	0.13792000
0.19333000	-0.01637000	0.06422000	0.08343000	-0.02052000	-0.05810000	0.12065000	-0.14276000	0.11554000	-0.04822000	-0.03551000	0.10610000	-0.13876000	0.00000000	0.12219000	-0.06253000	-0.01894000	0.09339000	0.00000000	-0.13463000	0.12834000
0.20000000	-0.01685000	0.06456000	0.07946000	-0.01121000	-0.06964000	0.12851000	-0.14093000	0.10121000	-0.02400000	-0.06162000	0.12341000	-0.13822000	0.00000000	0.10076000	-0.02544000	-0.05915000	0.12113000	0.00000000	-0.13729000	0.10178000
0.20667000	-0.01732000	0.06479000	0.07517000	-0.00172000	-0.08067000	0.13475000	-0.13656000	0.08443000	0.00095000	-0.08528000	0.13476000	-0.12970000	0.00000000	0.07246000	0.01367000	-0.09395000	0.13620000	0.00000000	-0.12367000	0.06167000
0.21333000	-0.01778000	0.06490000	0.07057000	0.00789000	-0.09108000	0.13929000	-0.12972000	0.06561000	0.02584000	-0.10557000	0.13961000	-0.11369000	0.00000000	0.03923000	0.05170000	-0.12017000	0.13709000	0.00000000	-0.09551000	0.01343000
0.22000000	-0.01824000	0.06490000	0.06567000	0.01755000	-0.10077000	0.14204000	-0.12053000	0.04522000	0.04989000	-0.12168000	0.13776000	-0.09114000	0.00000000	0.00333000	0.08564000	-0.13544000	0.12372000	0.00000000	-0.05609000	-0.03661000
0.22667000	-0.01869000	0.06479000	0.06049000	0.02722000	-0.10965000	0.14298000	-0.10915000	0.02374000	0.07235000	-0.13298000	0.12925000	-0.06331000	0.00000000	-0.03281000	0.11278000	-0.13830000	0.09740000	0.00000000	-0.01002000	-0.08178000
0.23333000	-0.01913000	0.06456000	0.05506000	0.03684000	-0.11762000	0.14207000	-0.09580000	0.00170000	0.09250000	-0.13903000	0.11453000	-0.03184000	0.00000000	-0.06671000	0.13098000	-0.12855000	0.06097000	0.00000000	0.03720000	-0.11611000
0.24000000	-0.01957000	0.06423000	0.04939000	0.04634000	-0.12462000	0.13934000	-0.08070000	-0.02036000	0.10973000	-0.13960000	0.09430000	0.00147000	0.00000000	-0.09608000	0.13883000	-0.10707000	0.01817000	0.00000000	0.08007000	-0.13511000
0.24667000	-0.02001000	0.06378000	0.04350000	0.05566000	-0.13057000	0.13479000	-0.06415000	-0.04190000	0.12347000	-0.13466000	0.06952000	0.03470000	0.00000000	-0.11891000	0.13563000	-0.07578000	-0.02653000	0.00000000	0.11345000	-0.13611000
0.25333000	-0.02044000	0.06323000	0.03741000	0.06476000	-0.13542000	0.12850000	-0.04643000	-0.06239000	0.13331000	-0.12440000	0.04140000	0.06593000	0.00000000	-0.13365000	0.12171000	-0.03759000	-0.06845000	0.00000000	0.13346000	-0.11912000
0.26000000	-0.02086000	0.06258000	0.03115000	0.07358000	-0.13912000	0.12055000	-0.02787000	-0.08134000	0.13894000	-0.10925000	0.01128000	0.09337000	0.00000000	-0.13931000	0.09814000	0.00404000	-0.10327000	0.00000000	0.13776000	-0.08636000
0.26667000	-0.02128000	0.06182000	0.02474000	0.08207000	-0.14163000	0.11102000	-0.00882000	-0.09827000	0.14017000	-0.08977000	-0.01938000	0.11542000	0.00000000	-0.13547000	0.06678000	0.04530000	-0.12727000	0.00000000	0.12574000	-0.04211000
0.27333000	-0.02169000	0.06096000	0.01819000	0.09017000	-0.14293000	0.10006000	0.01038000	-0.11278000	0.13697000	-0.06676000	-0.04911000	0.13081000	0.00000000	-0.12243000	0.03014000	0.08241000	-0.13803000	0.00000000	0.09893000	0.00769000
0.28000000	-0.02209000	0.06000000	0.01153000	0.09784000	-0.14299000	0.08779000	0.02937000	-0.12450000	0.12944000	-0.04112000	-0.07648000	0.13868000	0.00000000	-0.10107000	-0.00890000	0.11202000	-0.13443000	0.00000000	0.06045000	0.05650000
0.28667000	-0.02249000	0.05895000	0.00478000	0.10504000	-0.14182000	0.07438000	0.04781000	-0.13316000	0.11782000	-0.01385000	-0.10017000	0.13854000	0.00000000	-0.07281000	-0.04723000	0.13137000	-0.11675000	0.00000000	0.01481000	0.09778000
0.29333000	-0.02288000	0.05779000	-0.00204000	0.11172000	-0.13942000	0.06000000	0.06535000	-0.13853000	0.10247000	0.01396000	-0.11904000	0.13042000	0.00000000	-0.03962000	-0.08181000	0.13873000	-0.08694000	0.00000000	-0.03255000	0.12612000
0.30000000	-0.02327000	0.05655000	-0.00891000	0.11784000	-0.13582000	0.04485000	0.08168000	-0.14049000	0.08390000	0.04123000	-0.13220000	0.11480000	0.00000000	-0.00372000	-0.10993000	0.13344000	-0.04807000	0.00000000	-0.07610000	0.13779000
0.30667000	-0.02365000	0.05521000	-0.01580000	0.12337000	-0.13103000	0.02912000	0.09648000	-0.13899000	0.06266000	0.06687000	-0.13899000	0.09254000	0.00000000	0.03243000	-0.12930000	0.11592000	-0.00417000	0.00000000	-0.11064000	0.13111000
0.31333000	-0.02403000	0.05378000	-0.02270000	0.12828000	-0.12511000	0.01302000	0.10950000	-0.13407000	0.03945000	0.08988000	-0.13909000	0.06495000	0.00000000	0.06637000	-0.13844000	0.08783000	0.04015000	0.00000000	-0.13213000	0.10711000
0.32000000	-0.02440000	0.05226000	-0.02958000	0.13253000	-0.11810000	-0.00325000	0.12048000	-0.12585000	0.01499000	0.10935000	-0.13252000	0.03362000	0.00000000	0.09580000	-0.13662000	0.05173000	0.08030000	0.00000000	-0.13808000	0.06892000
0.32667000	-0.02477000	0.05066000	-0.03642000	0.13611000	-0.11006000	-0.01946000	0.12923000	-0.11452000	-0.00994000	0.12450000	-0.11956000	0.00035000	0.00000000	0.11870000	-0.12393000	0.01089000	0.11206000	0.00000000	-0.12766000	0.02156000
0.33333000	-0.02512000	0.04898000	-0.04320000	0.13898000	-0.10106000	-0.03540000	0.13559000	-0.10038000	-0.03457000	0.13476000	-0.10085000	-0.03293000	0.00000000	0.13353000	-0.10145000	-0.03093000	0.13214000	0.00000000	-0.10223000	-0.02862000
0.34000000	-0.02548000	0.04722000	-0.04989000	0.14114000	-0.09118000	-0.05087000	0.13944000	-0.08377000	-0.05810000	0.13970000	-0.07730000	-0.06432000	0.00000000	0.13929000	-0.07092000	-0.06995000	0.13848000	0.00000000	-0.06474000	-0.07505000
0.34667000	-0.02583000	0.04537000	-0.05649000	0.14256000	-0.08050000	-0.06565000	0.14070000	-0.06510000	-0.07979000	0.13914000	-0.05003000	-0.09200000	0.00000000	0.13556000	-0.03476000	-0.10256000	0.13033000	0.00000000	-0.01958000	-0.11149000
0.35333000	-0.02617000	0.04346000	-0.06296000	0.14325000	-0.06913000	-0.07956000	0.13936000	-0.04482000	-0.09897000	0.13309000	-0.02035000	-0.11438000	0.00000000	0.12261000	0.00414000	-0.12580000	0.10862000	0.00000000	0.02786000	-0.13316000
0.36000000	-0.02650000	0.04146000	-0.06930000	0.14319000	-0.05715000	-0.09241000	0.13544000	-0.02344000	-0.11503000	0.12181000	0.01031000	-0.13017000	0.00000000	0.10132000	0.04273000	-0.13758000	0.07560000	0.00000000	0.07204000	-0.13724000
0.36667000	-0.02683000	0.03940000	-0.07547000	0.14238000	-0.04468000	-0.10402000	0.12901000	-0.00148000	-0.12745000	0.10572000	0.04047000	-0.13845000	0.00000000	0.07313000	0.07792000	-0.13674000	0.03467000	0.00000000	0.10769000	-0.12304000
0.37333000	-0.02716000	0.03727000	-0.08146000	0.14082000	-0.03183000	-0.11426000	0.12020000	0.02052000	-0.13585000	0.08546000	0.06869000	-0.13875000	0.00000000	0.03997000	0.10693000	-0.12345000	-0.00985000	0.00000000	0.13064000	-0.09258000
0.38000000	-0.02748000	0.03508000	-0.08725000	0.13853000	-0.01869000	-0.12298000	0.10916000	0.04201000	-0.13997000	0.06184000	0.09360000	-0.13106000	0.00000000	0.00409000	0.12749000	-0.09888000	-0.05337000	0.00000000	0.13822000	-0.04986000
0.38667000	-0.02779000	0.03282000	-0.09283000	0.13552000	-0.00540000	-0.13006000	0.09610000	0.06247000	-0.13966000	0.03578000	0.11401000	-0.11580000	0.00000000	-0.03207000	0.13791000	-0.06526000	-0.09130000	0.00000000	0.12943000	-0.00050000
0.39333000	-0.02810000	0.03050000	-0.09817000	0.13179000	0.00793000	-0.13542000	0.08127000	0.08139000	-0.13494000	0.00832000	0.12893000	-0.09388000	0.00000000	-0.06604000	0.13741000	-0.02570000	-0.11971000	0.00000000	0.10540000	0.04889000
0.40000000	-0.02840000	0.02812000	-0.10327000	0.12737000	0.02118000	-0.13899000	0.06493000	0.09832000	-0.12597000	-0.01948000	0.13766000	-0.06655000	0.00000000	-0.09553000	0.12604000	0.01622000	-0.13568000	0.00000000	0.06895000	0.09185000
0.40667000	-0.02870000	0.02569000	-0.10810000	0.12229000	0.03424000	-0.14070000	0.04739000	0.11282000	-0.11301000	-0.04651000	0.13976000	-0.03537000	0.00000000	-0.11851000	0.10464000	0.05666000	-0.13745000	0.00000000	0.02433000	0.12258000
0.41333000	-0.02899000	0.02321000	-0.11266000	0.11656000	0.04699000	-0.14056000	0.02897000	0.12455000	-0.09649000	-0.07170000	0.13514000	-0.00216000	0.00000000	-0.13343000	0.07497000	0.09191000	-0.12493000	0.00000000	-0.02313000	0.13708000
0.42000000	-0.02928000	0.02067000	-0.11692000	0.11021000	0.05932000	-0.13855000	0.01002000	0.13322000	-0.07693000	-0.09408000	0.12403000	0.03118000	0.00000000	-0.13928000	0.03936000	0.11879000	-0.09939000	0.00000000	-0.06789000	0.13347000
0.42667000	-0.02956000	0.01809000	-0.12087000	0.10329000	0.07111000	-0.13470000	-0.00912000	0.13860000	-0.05493000	-0.11274000	0.10694000	0.06271000	0.00000000	-0.13564000	0.00062000	0.13479000	-0.06345000	0.00000000	-0.10461000	0.11208000
0.43333000	-0.02984000	0.01547000	-0.12451000	0.09583000	0.08228000	-0.12906000	-0.02809000	0.14059000	-0.03120000	-0.12696000	0.08471000	0.09064000	0.00000000	-0.12278000	-0.03817000	0.13849000	-0.02093000	0.00000000	-0.12899000	0.07589000
0.44000000	-0.03011000	0.01280000	-0.12782000	0.08786000	0.09271000	-0.12172000	-0.04655000	0.13911000	-0.00648000	-0.13618000	0.05841000	0.11334000	0.00000000	-0.10158000	-0.07394000	0.12956000	0.02379000	0.00000000	-0.13820000	0.02964000
0.44667000	-0.03037000	0.01010000	-0.13078000	0.07943000	0.10231000	-0.11276000	-0.06414000	0.13421000	0.01844000	-0.14002000	0.02930000	0.12950000	0.00000000	-0.07344000	-0.10383000	0.10876000	0.06602000	0.00000000	-0.13103000	-0.02056000
0.45333000	-0.03063000	0.00736000	-0.13340000	0.07059000	0.11101000	-0.10231000	-0.08055000	0.12601000	0.04277000	-0.13836000	-0.00122000	0.13820000	0.00000000	-0.04033000	-0.12549000	0.07805000	0.10136000	0.00000000	-0.10845000	-0.06801000
0.46000000	-0.03089000	0.00459000	-0.13566000	0.06138000	0.11872000	-0.09050000	-0.09547000	0.11471000	0.06576000	-0.13124000	-0.03168000	0.13895000	0.00000000	-0.00446000	-0.13723000	0.04021000	0.12617000	0.00000000	-0.07308000	-0.10649000
0.46667000	-0.03114000	0.00179000	-0.13756000	0.05184000	0.12537000	-0.07749000	-0.10862000	0.10059000	0.08667000	-0.11895000	-0.06062000	0.13167000	0.00000000	0.03171000	-0.13806000	-0.00132000	0.13778000	0.00000000	-0.02905000	-0.13079000
0.47333000	-0.03138000	-0.00104000	-0.13908000	0.04204000	0.13091000	-0.06345000	-0.11977000	0.08399000	0.10484000	-0.10197000	-0.08664000	0.11680000	0.00000000	0.06571000	-0.12796000	-0.04271000	0.13505000	0.00000000	0.01837000	-0.13779000
0.48000000	-0.03162000	-0.00389000	-0.14023000	0.03202000	0.13528000	-0.04857000	-0.12870000	0.06533000	0.11971000	-0.08098000	-0.10850000	0.09521000	0.00000000	0.09526000	-0.10773000	-0.08022000	0.11826000	0.00000000	0.06366000	-0.12657000
0.48667000	-0.03185000	-0.00676000	-0.14100000	0.02184000	0.13846000	-0.03305000	-0.13525000	0.04507000	0.13079000	-0.05679000	-0.12513000	0.06812000	0.00000000	0.11831000	-0.07893000	-0.11038000	0.08910000	0.00000000	0.10140000	-0.09849000
0.49333000	-0.03208000	-0.00965000	-0.14138000	0.01155000	0.14041000	-0.01709000	-0.13930000	0.02369000	0.13775000	-0.03036000	-0.13575000	0.03711000	0.00000000	0.13332000	-0.04390000	-0.13046000	0.05068000	0.00000000	0.12719000	-0.05741000
0.50000000	-0.03231000	-0.01256000	-0.14138000	0.00121000	0.14111000	-0.00090000	-0.14078000	0.00173000	0.14036000	-0.00274000	-0.13985000	0.00396000	0.00000000	0.13927000	-0.00538000	-0.13865000	0.00697000	0.00000000	0.13801000	-0.00871000
0.50667000	-0.03253000	-0.01548000	-0.14099000	-0.00913000	0.14056000	0.01530000	-0.13966000	-0.02027000	0.13853000	0.02499000	-0.13720000	-0.02941000	0.00000000	0.13573000	0.03357000	-0.13414000	-0.03747000	0.00000000	0.13248000	0.04115000
0.51333000	-0.03274000	-0.01840000	-0.14021000	-0.01941000	0.13876000	0.03130000	-0.13595000	-0.04177000	0.13233000	0.05173000	-0.12797000	-0.06110000	0.00000000	0.12296000	0.06985000	-0.11739000	-0.07799000	0.00000000	0.11136000	0.08553000
0.52000000	-0.03295000	-0.02134000	-0.13905000	-0.02958000	0.13574000	0.04689000	-0.12973000	-0.06225000	0.12196000	0.07644000	-0.11258000	-0.08926000	0.00000000	0.10183000	0.10061000	-0.08994000	-0.11041000	0.00000000	0.07712000	0.11864000
0.52667000	-0.03315000	-0.02428000	-0.13750000	-0.03958000	0.13151000	0.06185000	-0.12111000	-0.08119000	0.10773000	0.09813000	-0.09177000	-0.11227000	0.00000000	0.07376000	0.12337000	-0.05424000	-0.13128000	0.00000000	0.03373000	0.13594000
0.53333000	-0.03335000	-0.02721000	-0.13557000	-0.04936000	0.12611000	0.07600000	-0.11025000	-0.09814000	0.09010000	0.11596000	-0.06655000	-0.12882000	0.00000000	0.04068000	0.13636000	-0.01361000	-0.13848000	0.00000000	-0.01360000	0.13527000
0.54000000	-0.03354000	-0.03015000	-0.13326000	-0.05886000	0.11960000	0.08915000	-0.09735000	-0.11267000	0.06963000	0.12922000	-0.03813000	-0.13794000	0.00000000	0.00483000	0.13856000	0.02828000	-0.13127000	0.00000000	-0.05935000	0.11670000
0.54667000	-0.03373000	-0.03309000	-0.13058000	-0.06804000	0.11203000	0.10111000	-0.08266000	-0.12443000	0.04696000	0.13738000	-0.00787000	-0.13910000	0.00000000	-0.03134000	0.12975000	0.06758000	-0.11033000	0.00000000	-0.09807000	0.08259000
0.55333000	-0.03392000	-0.03601000	-0.12753000	-0.07684000	0.10346000	0.11173000	-0.06643000	-0.13313000	0.02280000	0.14013000	0.02276000	-0.13226000	0.00000000	-0.06538000	0.11067000	0.10070000	-0.07792000	0.00000000	-0.12523000	0.03759000
0.56000000	-0.03410000	-0.03893000	-0.12413000	-0.08522000	0.09398000	0.12088000	-0.04898000	-0.13856000	-0.00207000	0.13737000	0.05230000	-0.11779000	0.00000000	-0.09499000	0.08282000	0.12464000	-0.03738000	0.00000000	-0.13766000	-0.01242000
0.56667000	-0.03427000	-0.04183000	-0.12037000	-0.09314000	0.08368000	0.12843000	-0.03062000	-0.14057000	-0.02688000	0.12918000	0.07932000	-0.09652000	0.00000000	-0.11812000	0.04839000	0.13717000	0.00707000	0.00000000	-0.13377000	-0.06077000
0.57333000	-0.03444000	-0.04472000	-0.11628000	-0.10054000	0.07263000	0.13428000	-0.01169000	-0.13913000	-0.05083000	0.11591000	0.10253000	-0.06969000	0.00000000	-0.13321000	0.01014000	0.13718000	0.05076000	0.00000000	-0.11414000	-0.10105000
0.58000000	-0.03461000	-0.04759000	-0.11185000	-0.10738000	0.06094000	0.13835000	0.00745000	-0.13427000	-0.07319000	0.09807000	0.12081000	-0.03885000	0.00000000	-0.13926000	-0.02893000	0.12468000	0.08919000	0.00000000	-0.08106000	-0.12800000
0.58667000	-0.03477000	-0.05044000	-0.10710000	-0.11364000	0.04871000	0.14059000	0.02646000	-0.12610000	-0.09323000	0.07636000	0.13327000	-0.00577000	0.00000000	-0.13581000	-0.06569000	0.10076000	0.11829000	0.00000000	-0.03837000	-0.13790000
0.59333000	-0.03492000	-0.05327000	-0.10204000	-0.11928000	0.03606000	0.14097000	0.04498000	-0.11483000	-0.11033000	0.05165000	0.13933000	0.02765000	0.00000000	-0.12313000	-0.09725000	0.06765000	0.13507000	0.00000000	0.00880000	-0.12957000
0.60000000	-0.03508000	-0.05607000	-0.09668000	-0.12426000	0.02310000	0.13949000	0.06267000	-0.10074000	-0.12395000	0.02490000	0.13869000	0.05947000	0.00000000	-0.10208000	-0.12112000	0.02837000	0.13779000	0.00000000	0.05497000	-0.10409000
0.60667000	-0.03522000	-0.05885000	-0.09104000	-0.12856000	0.00993000	0.13616000	0.07919000	-0.08417000	-0.13365000	-0.00283000	0.13137000	0.08786000	0.00000000	-0.07408000	-0.13535000	-0.01352000	0.12610000	0.00000000	0.09463000	-0.06475000
0.61333000	-0.03537000	-0.06159000	-0.08513000	-0.13216000	-0.00332000	0.13104000	0.09426000	-0.06552000	-0.13913000	-0.03045000	0.11774000	0.11119000	0.00000000	-0.04104000	-0.13887000	-0.05416000	0.10130000	0.00000000	0.12312000	-0.01688000
0.62000000	-0.03551000	-0.06431000	-0.07897000	-0.13503000	-0.01653000	0.12418000	0.10759000	-0.04527000	-0.14023000	-0.05687000	0.09844000	0.12812000	0.00000000	-0.00521000	-0.13140000	-0.08987000	0.06594000	0.00000000	0.13713000	0.03325000
0.62667000	-0.03564000	-0.06699000	-0.07256000	-0.13715000	-0.02958000	0.11568000	0.11893000	-0.02390000	-0.13689000	-0.08105000	0.07441000	0.13765000	0.00000000	0.03098000	-0.11348000	-0.11735000	0.02368000	0.00000000	0.13490000	0.07896000
0.63333000	-0.03577000	-0.06963000	-0.06593000	-0.13852000	-0.04237000	0.10565000	0.12807000	-0.00194000	-0.12923000	-0.10203000	0.04680000	0.13925000	0.00000000	0.06506000	-0.08659000	-0.13412000	-0.02102000	0.00000000	0.11678000	0.11420000
0.64000000	-0.03590000	-0.07224000	-0.05909000	-0.13913000	-0.05477000	0.09423000	0.13484000	0.02007000	-0.11749000	-0.11900000	0.01694000	0.13283000	0.00000000	0.09472000	-0.05283000	-0.13866000	-0.06356000	0.00000000	0.08491000	0.13436000
0.64667000	-0.03602000	-0.07480000	-0.05207000	-0.13897000	-0.06667000	0.08156000	0.13913000	0.04158000	-0.10204000	-0.13127000	-0.01374000	0.11874000	0.00000000	0.11792000	-0.01487000	-0.13049000	-0.09944000	0.00000000	0.04297000	0.13663000
0.65333000	-0.03614000	-0.07732000	-0.04487000	-0.13804000	-0.07797000	0.06782000	0.14085000	0.06208000	-0.08337000	-0.13837000	-0.04375000	0.09782000	0.00000000	0.13310000	0.02425000	-0.11043000	-0.12497000	0.00000000	-0.00400000	0.12083000
0.66000000	-0.03625000	-0.07980000	-0.03751000	-0.13634000	-0.08856000	0.05319000	0.13996000	0.08104000	-0.06206000	-0.14002000	-0.07167000	0.07126000	0.00000000	0.13925000	0.06146000	-0.08029000	-0.13749000	0.00000000	-0.05053000	0.08905000
0.66667000	-0.03636000	-0.08223000	-0.03001000	-0.13388000	-0.09835000	0.03787000	0.13649000	0.09802000	-0.03880000	-0.13615000	-0.09613000	0.04058000	0.00000000	0.13589000	0.09379000	-0.04280000	-0.13564000	0.00000000	-0.09107000	0.04540000
0.67333000	-0.03647000	-0.08461000	-0.02240000	-0.13068000	-0.10726000	0.02205000	0.13051000	0.11259000	-0.01431000	-0.12691000	-0.11596000	0.00757000	0.00000000	0.12331000	0.11869000	-0.00141000	-0.11967000	0.00000000	-0.12086000	-0.00422000
0.68000000	-0.03657000	-0.08695000	-0.01469000	-0.12675000	-0.11519000	0.00594000	0.12211000	0.12439000	0.01064000	-0.11268000	-0.13023000	-0.02587000	0.00000000	0.10234000	0.13420000	0.04012000	-0.09124000	0.00000000	-0.13645000	-0.05331000
0.68667000	-0.03667000	-0.08923000	-0.00689000	-0.12210000	-0.12209000	-0.01023000	0.11146000	0.13313000	0.03524000	-0.09399000	-0.13822000	-0.05783000	0.00000000	0.07439000	0.13904000	0.07797000	-0.05326000	0.00000000	-0.13586000	-0.09530000
0.69333000	-0.03676000	-0.09146000	0.00097000	-0.11676000	-0.12788000	-0.02625000	0.09876000	0.13860000	0.05874000	-0.07161000	-0.13957000	-0.08645000	0.00000000	0.04139000	0.13287000	0.10870000	-0.00976000	0.00000000	-0.11928000	-0.12467000
0.70000000	-0.03685000	-0.09363000	0.00888000	-0.11076000	-0.13251000	-0.04191000	0.08424000	0.14067000	0.08039000	-0.04641000	-0.13421000	-0.11009000	0.00000000	0.00558000	0.11618000	0.12953000	0.03478000	0.00000000	-0.08865000	-0.13757000
0.70667000	-0.03694000	-0.09575000	0.01681000	-0.10412000	-0.13594000	-0.05700000	0.06817000	0.13928000	0.09950000	-0.01937000	-0.12239000	-0.12738000	0.00000000	-0.03062000	0.09026000	0.13849000	0.07567000	0.00000000	-0.04751000	-0.13215000
0.71333000	-0.03702000	-0.09782000	0.02474000	-0.09688000	-0.13814000	-0.07132000	0.05086000	0.13447000	0.11547000	0.00843000	-0.10468000	-0.13733000	0.00000000	-0.06473000	0.05720000	0.13481000	0.10868000	0.00000000	-0.00081000	-0.10926000
0.72000000	-0.03710000	-0.09982000	0.03267000	-0.08908000	-0.13908000	-0.08468000	0.03261000	0.12636000	0.12780000	0.03590000	-0.08194000	-0.13937000	0.00000000	-0.09444000	0.01961000	0.11884000	0.13039000	0.00000000	0.04602000	-0.07191000
0.72667000	-0.03718000	-0.10177000	0.04056000	-0.08074000	-0.13876000	-0.09689000	0.01377000	0.11514000	0.13609000	0.06196000	-0.05525000	-0.13336000	0.00000000	-0.11772000	-0.01955000	0.09198000	0.13846000	0.00000000	0.08739000	-0.02498000
0.73333000	-0.03725000	-0.10366000	0.04841000	-0.07192000	-0.13716000	-0.10779000	-0.00531000	0.10111000	0.14010000	0.08558000	-0.02591000	-0.11967000	0.00000000	-0.13299000	-0.05715000	0.05674000	0.13211000	0.00000000	0.11846000	0.02522000
0.74000000	-0.03732000	-0.10549000	0.05618000	-0.06266000	-0.13431000	-0.11724000	-0.02428000	0.08460000	0.13969000	0.10583000	0.00468000	-0.09909000	0.00000000	-0.13923000	-0.09023000	0.01631000	0.11202000	0.00000000	0.13559000	0.07212000
0.74667000	-0.03739000	-0.10725000	0.06388000	-0.05299000	-0.13022000	-0.12511000	-0.04277000	0.06601000	0.13487000	0.12191000	0.03505000	-0.07278000	0.00000000	-0.13597000	-0.11614000	-0.02561000	0.08020000	0.00000000	0.13666000	0.10941000
0.75333000	-0.03745000	-0.10896000	0.07147000	-0.04298000	-0.12492000	-0.13129000	-0.06046000	0.04582000	0.12581000	0.13319000	0.06374000	-0.04229000	0.00000000	-0.12347000	-0.13285000	-0.06518000	0.04006000	0.00000000	0.12164000	0.13222000
0.76000000	-0.03751000	-0.11060000	0.07894000	-0.03266000	-0.11846000	-0.13569000	-0.07700000	0.02451000	0.11278000	0.13924000	0.08936000	-0.00935000	0.00000000	-0.10258000	-0.13904000	-0.09882000	-0.00427000	0.00000000	0.09229000	0.13755000
0.76667000	-0.03757000	-0.11218000	0.08628000	-0.02209000	-0.11090000	-0.13825000	-0.09209000	0.00262000	0.09620000	0.13979000	0.11069000	0.02413000	0.00000000	-0.07469000	-0.13419000	-0.12340000	-0.04816000	0.00000000	0.05200000	0.12457000
0.77333000	-0.03762000	-0.11369000	0.09347000	-0.01132000	-0.10228000	-0.13893000	-0.10544000	-0.01931000	0.07660000	0.13485000	0.12670000	0.05621000	0.00000000	-0.04173000	-0.11871000	-0.13672000	-0.08701000	0.00000000	0.00562000	0.09513000
0.78000000	-0.03767000	-0.11515000	0.10050000	-0.00040000	-0.09268000	-0.13772000	-0.11681000	-0.04074000	0.05460000	0.12461000	0.13663000	0.08507000	0.00000000	-0.00593000	-0.09383000	-0.13758000	-0.11683000	0.00000000	-0.04145000	0.05309000
0.78667000	-0.03772000	-0.11654000	0.10734000	0.01062000	-0.08218000	-0.13462000	-0.12598000	-0.06115000	0.03089000	0.10947000	0.13998000	0.10902000	0.00000000	0.03029000	-0.06149000	-0.12583000	-0.13442000	0.00000000	-0.08361000	0.00398000
0.79333000	-0.03777000	-0.11786000	0.11399000	0.02169000	-0.07086000	-0.12967000	-0.13277000	-0.08001000	0.00623000	0.09003000	0.13662000	0.12670000	0.00000000	0.06444000	-0.02429000	-0.10260000	-0.13802000	0.00000000	-0.11591000	-0.04563000
0.80000000	-0.03781000	-0.11912000	0.12044000	0.03275000	-0.05882000	-0.12293000	-0.13704000	-0.09687000	-0.01861000	0.06706000	0.12670000	0.13709000	0.00000000	0.09422000	0.01485000	-0.07001000	-0.12725000	0.00000000	-0.13457000	-0.08923000
0.80667000	-0.03785000	-0.12032000	0.12667000	0.04375000	-0.04615000	-0.11448000	-0.13873000	-0.11130000	-0.04282000	0.04147000	0.11069000	0.13957000	0.00000000	0.11758000	0.05281000	-0.03100000	-0.10316000	0.00000000	-0.13728000	-0.12094000
0.81333000	-0.03789000	-0.12146000	0.13267000	0.05465000	-0.03296000	-0.10442000	-0.13777000	-0.12294000	-0.06564000	0.01427000	0.08939000	0.13403000	0.00000000	0.13296000	0.08659000	0.01083000	-0.06836000	0.00000000	-0.12384000	-0.13665000
0.82000000	-0.03792000	-0.12253000	0.13844000	0.06539000	-0.01935000	-0.09287000	-0.13418000	-0.13149000	-0.08634000	-0.01346000	0.06380000	0.12078000	0.00000000	0.13932000	0.11353000	0.05169000	-0.02642000	0.00000000	-0.09580000	-0.13430000
0.82667000	-0.03796000	-0.12354000	0.14395000	0.07593000	-0.00542000	-0.07996000	-0.12802000	-0.13673000	-0.10426000	-0.04062000	0.03518000	0.10058000	0.00000000	0.13619000	0.13145000	0.08782000	0.01830000	0.00000000	-0.05641000	-0.11405000
0.83333000	-0.03799000	-0.12449000	0.14922000	0.08623000	0.00870000	-0.06587000	-0.11938000	-0.13853000	-0.11883000	-0.06613000	0.00489000	0.07461000	0.00000000	0.12382000	0.13898000	0.11594000	0.06109000	0.00000000	-0.01039000	-0.07874000
0.84000000	-0.03802000	-0.12538000	0.15422000	0.09623000	0.02292000	-0.05075000	-0.10841000	-0.13682000	-0.12957000	-0.08898000	-0.02558000	0.04438000	0.00000000	0.10306000	0.13552000	0.13350000	0.09755000	0.00000000	0.03688000	-0.03299000
0.84667000	-0.03804000	-0.12621000	0.15895000	0.10590000	0.03712000	-0.03480000	-0.09529000	-0.13162000	-0.13613000	-0.10824000	-0.05477000	0.01162000	0.00000000	0.07530000	0.12131000	0.13885000	0.12382000	0.00000000	0.07979000	0.01716000
0.85333000	-0.03807000	-0.12698000	0.16341000	0.11520000	0.05119000	-0.01819000	-0.08025000	-0.12305000	-0.13828000	-0.12316000	-0.08126000	-0.02175000	0.00000000	0.04247000	0.09753000	0.13156000	0.13721000	0.00000000	0.11329000	0.06502000
0.86000000	-0.03809000	-0.12770000	0.16759000	0.12409000	0.06504000	-0.00113000	-0.06353000	-0.11130000	-0.13593000	-0.13313000	-0.10377000	-0.05381000	0.00000000	0.00680000	0.06607000	0.11229000	0.13635000	0.00000000	0.13349000	0.10432000
0.86667000	-0.03811000	-0.12836000	0.17150000	0.13255000	0.07855000	0.01618000	-0.04543000	-0.09663000	-0.12914000	-0.13771000	-0.12117000	-0.08268000	0.00000000	-0.02928000	0.02940000	0.08277000	0.12124000	0.00000000	0.13790000	0.12975000
0.87333000	-0.03813000	-0.12896000	0.17513000	0.14055000	0.09163000	0.03354000	-0.02624000	-0.07936000	-0.11808000	-0.13672000	-0.13262000	-0.10669000	0.00000000	-0.06328000	-0.00953000	0.04577000	0.09358000	0.00000000	0.12610000	0.13803000
0.88000000	-0.03814000	-0.12951000	0.17848000	0.14806000	0.10420000	0.05076000	-0.00629000	-0.05989000	-0.10308000	-0.13015000	-0.13755000	-0.12443000	0.00000000	-0.09288000	-0.04762000	0.00464000	0.05621000	0.00000000	0.09949000	0.12810000
0.88667000	-0.03816000	-0.13001000	0.18156000	0.15506000	0.11617000	0.06763000	0.01410000	-0.03864000	-0.08456000	-0.11823000	-0.13565000	-0.13481000	0.00000000	-0.11601000	-0.08182000	-0.03682000	0.01304000	0.00000000	0.06115000	0.10116000
0.89333000	-0.03817000	-0.13046000	0.18436000	0.16153000	0.12746000	0.08399000	0.03460000	-0.01611000	-0.06306000	-0.10137000	-0.12700000	-0.13723000	0.00000000	-0.13108000	-0.10939000	-0.07478000	-0.03137000	0.00000000	0.01572000	0.06093000
0.90000000	-0.03818000	-0.13087000	0.18689000	0.16747000	0.13802000	0.09965000	0.05488000	0.00723000	-0.03919000	-0.08018000	-0.11194000	-0.13149000	0.00000000	-0.13702000	-0.12811000	-0.10578000	-0.07240000	0.00000000	-0.03148000	0.01272000
0.90667000	-0.03819000	-0.13122000	0.18916000	0.17287000	0.14778000	0.11447000	0.07462000	0.03085000	-0.01365000	-0.05542000	-0.09112000	-0.11783000	0.00000000	-0.13333000	-0.13640000	-0.12687000	-0.10566000	0.00000000	-0.07478000	-0.03706000
0.91333000	-0.03820000	-0.13154000	0.19118000	0.17773000	0.15671000	0.12829000	0.09354000	0.05427000	0.01286000	-0.02799000	-0.06547000	-0.09696000	0.00000000	-0.12022000	-0.13357000	-0.13609000	-0.12767000	0.00000000	-0.10904000	-0.08171000
0.92000000	-0.03821000	-0.13181000	0.19295000	0.18204000	0.16476000	0.14101000	0.11136000	0.07699000	0.03959000	0.00115000	-0.03611000	-0.06999000	0.00000000	-0.09845000	-0.11972000	-0.13251000	-0.13605000	0.00000000	-0.13017000	-0.11531000
0.92667000	-0.03822000	-0.13204000	0.19448000	0.18582000	0.17193000	0.15252000	0.12784000	0.09857000	0.06581000	0.03098000	-0.00430000	-0.03832000	0.00000000	-0.06935000	-0.09580000	-0.11628000	-0.12973000	0.00000000	-0.13545000	-0.13318000
0.93333000	-0.03822000	-0.13224000	0.19578000	0.18908000	0.17820000	0.16276000	0.14278000	0.11859000	0.09086000	0.06048000	0.02858000	-0.00361000	0.00000000	-0.03476000	-0.06355000	-0.08876000	-0.10927000	0.00000000	-0.12420000	-0.13289000
0.94000000	-0.03823000	-0.13240000	0.19687000	0.19185000	0.18357000	0.17167000	0.15602000	0.13672000	0.11410000	0.08868000	0.06116000	0.03237000	0.00000000	0.00323000	-0.02529000	-0.05220000	-0.07656000	0.00000000	-0.09750000	-0.11426000
0.94667000	-0.03823000	-0.13253000	0.19777000	0.19413000	0.18807000	0.17925000	0.16746000	0.15268000	0.13500000	0.11470000	0.09214000	0.06781000	0.00000000	0.04230000	0.01626000	-0.00963000	-0.03466000	0.00000000	-0.05812000	-0.07935000
0.95333000	-0.03823000	-0.13264000	0.19848000	0.19597000	0.19174000	0.18550000	0.17704000	0.16627000	0.15316000	0.13779000	0.12033000	0.10103000	0.00000000	0.08019000	0.05819000	0.03545000	0.01244000	0.00000000	-0.01036000	-0.03247000
0.96000000	-0.03823000	-0.13272000	0.19902000	0.19739000	0.19462000	0.19047000	0.18477000	0.17740000	0.16828000	0.15740000	0.14480000	0.13056000	0.00000000	0.11481000	0.09773000	0.07953000	0.06047000	0.00000000	0.04082000	0.02087000
0.96667000	-0.03824000	-0.13278000	0.19942000	0.19845000	0.19677000	0.19423000	0.19069000	0.18605000	0.18023000	0.17316000	0.16483000	0.15524000	0.00000000	0.14440000	0.13239000	0.11927000	0.10515000	0.00000000	0.09016000	0.07443000
0.97333000	-0.03824000	-0.13281000	0.19970000	0.19918000	0.19828000	0.19690000	0.19495000	0.19235000	0.18904000	0.18497000	0.18009000	0.17437000	0.00000000	0.16779000	0.16035000	0.15206000	0.14294000	0.00000000	0.13302000	0.12235000
0.98000000	-0.03824000	-0.13284000	0.19987000	0.19964000	0.19924000	0.19861000	0.19772000	0.19651000	0.19494000	0.19298000	0.19060000	0.18775000	0.00000000	0.18443000	0.18061000	0.17627000	0.17140000	0.00000000	0.16601000	0.16008000
0.98667000	-0.03824000	-0.13285000	0.19996000	0.19989000	0.19976000	0.19955000	0.19925000	0.19884000	0.19830000	0.19761000	0.19676000	0.19572000	0.00000000	0.19449000	0.19304000	0.19137000	0.18947000	0.00000000	0.18731000	0.18490000
0.99333000	-0.03824000	-0.13286000	0.19999000	0.19998000	0.19996000	0.19993000	0.19989000	0.19982000	0.19973000	0.19961000	0.19946000	0.19927000	0.00000000	0.19904000	0.19876000	0.19844000	0.19806000	0.00000000	0.19763000	0.19713000
1.00000000	-0.03824000	-0.13286000	0.20000000	0.20000000	0.20000000	0.20000000	0.20000000	0.20000000	0.20000000	0.20000000	0.20000000	0.20000000	0.00000000	0.20000000	0.20000000	0.20000000	0.20000000	0.00000000	0.20000000	0.20000000
