#x	Mode 1: z	Mode 2: z	Mode 3: z	Mode 4: z	Mode 5: z	Mode 6: z	Mode 7: z	Mode 8: z	Mode 9: z	Mode 10: z	Mode 11: z	Mode 12: z	Mode 13: z	Mode 14: z	Mode 15: z	Mode 16: z	Mode 17: z	Mode 18: z	Mode 19: z	Mode 20: z
0.00000000	0.00000000	0.00000000	0.00000000	0.00000000	0.00000000	0.00000000	0.00000000	0.00000000	0.00000000	0.00000000	0.00000000	0.00000000	0.00000000	0.00000000	0.00000000	0.00000000	0.00000000	0.00000000	0.00000000	0.00000000
0.00623000	0.00001000	0.00009000	0.00027000	0.00043000	0.00000000	0.00055000	0.00068000	0.00080000	0.00092000	0.00000000	0.00104000	0.00000000	0.00116000	0.00128000	0.00000000	0.00139000	0.00150000	0.00000000	0.00162000	0.00173000
0.01247000	0.00005000	0.00036000	0.00106000	0.00167000	0.00000000	0.00214000	0.00261000	0.00307000	0.00350000	0.00000000	0.00394000	0.00000000	0.00434000	0.00474000	0.00000000	0.00513000	0.00549000	0.00000000	0.00586000	0.00621000
0.01870000	0.00011000	0.00081000	0.00235000	0.00367000	0.00000000	0.00468000	0.00566000	0.00659000	0.00746000	0.00000000	0.00831000	0.00000000	0.00908000	0.00982000	0.00000000	0.01052000	0.01116000	0.00000000	0.01179000	0.01236000
0.02494000	0.00020000	0.00143000	0.00411000	0.00637000	0.00000000	0.00807000	0.00966000	0.01115000	0.01252000	0.00000000	0.01381000	0.00000000	0.01494000	0.01598000	0.00000000	0.01693000	0.01773000	0.00000000	0.01851000	0.01914000
0.03117000	0.00031000	0.00221000	0.00632000	0.00971000	0.00000000	0.01220000	0.01449000	0.01656000	0.01841000	0.00000000	0.02008000	0.00000000	0.02146000	0.02267000	0.00000000	0.02370000	0.02446000	0.00000000	0.02515000	0.02559000
0.03740000	0.00044000	0.00316000	0.00895000	0.01365000	0.00000000	0.01699000	0.01999000	0.02261000	0.02485000	0.00000000	0.02678000	0.00000000	0.02824000	0.02939000	0.00000000	0.03024000	0.03069000	0.00000000	0.03096000	0.03086000
0.04364000	0.00060000	0.00426000	0.01197000	0.01811000	0.00000000	0.02235000	0.02601000	0.02909000	0.03158000	0.00000000	0.03356000	0.00000000	0.03485000	0.03567000	0.00000000	0.03602000	0.03579000	0.00000000	0.03528000	0.03427000
0.04987000	0.00078000	0.00551000	0.01537000	0.02305000	0.00000000	0.02816000	0.03243000	0.03582000	0.03834000	0.00000000	0.04012000	0.00000000	0.04095000	0.04109000	0.00000000	0.04058000	0.03932000	0.00000000	0.03766000	0.03539000
0.05610000	0.00099000	0.00691000	0.01912000	0.02841000	0.00000000	0.03436000	0.03909000	0.04261000	0.04491000	0.00000000	0.04618000	0.00000000	0.04619000	0.04529000	0.00000000	0.04356000	0.04092000	0.00000000	0.03778000	0.03397000
0.06234000	0.00122000	0.00844000	0.02319000	0.03414000	0.00000000	0.04083000	0.04587000	0.04927000	0.05106000	0.00000000	0.05148000	0.00000000	0.05031000	0.04801000	0.00000000	0.04470000	0.04038000	0.00000000	0.03552000	0.03004000
0.06857000	0.00147000	0.01012000	0.02757000	0.04018000	0.00000000	0.04750000	0.05264000	0.05565000	0.05659000	0.00000000	0.05579000	0.00000000	0.05309000	0.04904000	0.00000000	0.04386000	0.03766000	0.00000000	0.03098000	0.02384000
0.07481000	0.00174000	0.01193000	0.03221000	0.04647000	0.00000000	0.05426000	0.05927000	0.06157000	0.06132000	0.00000000	0.05893000	0.00000000	0.05435000	0.04827000	0.00000000	0.04103000	0.03287000	0.00000000	0.02442000	0.01585000
0.08104000	0.00204000	0.01386000	0.03711000	0.05296000	0.00000000	0.06105000	0.06565000	0.06691000	0.06509000	0.00000000	0.06076000	0.00000000	0.05400000	0.04569000	0.00000000	0.03629000	0.02624000	0.00000000	0.01626000	0.00666000
0.08727000	0.00236000	0.01591000	0.04223000	0.05960000	0.00000000	0.06778000	0.07166000	0.07153000	0.06779000	0.00000000	0.06119000	0.00000000	0.05202000	0.04135000	0.00000000	0.02986000	0.01816000	0.00000000	0.00706000	-0.00297000
0.09351000	0.00270000	0.01809000	0.04755000	0.06634000	0.00000000	0.07436000	0.07721000	0.07532000	0.06931000	0.00000000	0.06016000	0.00000000	0.04842000	0.03541000	0.00000000	0.02202000	0.00907000	0.00000000	-0.00256000	-0.01228000
0.09974000	0.00307000	0.02037000	0.05306000	0.07313000	0.00000000	0.08072000	0.08219000	0.07819000	0.06958000	0.00000000	0.05766000	0.00000000	0.04329000	0.02808000	0.00000000	0.01315000	-0.00048000	0.00000000	-0.01192000	-0.02050000
0.10597000	0.00345000	0.02276000	0.05871000	0.07991000	0.00000000	0.08679000	0.08654000	0.08006000	0.06858000	0.00000000	0.05374000	0.00000000	0.03681000	0.01967000	0.00000000	0.00369000	-0.00994000	0.00000000	-0.02036000	-0.02698000
0.11221000	0.00386000	0.02525000	0.06450000	0.08665000	0.00000000	0.09250000	0.09016000	0.08088000	0.06629000	0.00000000	0.04849000	0.00000000	0.02915000	0.01050000	0.00000000	-0.00589000	-0.01873000	0.00000000	-0.02731000	-0.03118000
0.11844000	0.00429000	0.02785000	0.07040000	0.09328000	0.00000000	0.09779000	0.09301000	0.08061000	0.06275000	0.00000000	0.04201000	0.00000000	0.02058000	0.00096000	0.00000000	-0.01512000	-0.02633000	0.00000000	-0.03225000	-0.03275000
0.12468000	0.00474000	0.03053000	0.07638000	0.09978000	0.00000000	0.10260000	0.09502000	0.07923000	0.05800000	0.00000000	0.03448000	0.00000000	0.01137000	-0.00857000	0.00000000	-0.02351000	-0.03229000	0.00000000	-0.03486000	-0.03159000
0.13091000	0.00522000	0.03330000	0.08242000	0.10608000	0.00000000	0.10688000	0.09615000	0.07675000	0.05214000	0.00000000	0.02608000	0.00000000	0.00183000	-0.01768000	0.00000000	-0.03066000	-0.03624000	0.00000000	-0.03495000	-0.02778000
0.13714000	0.00571000	0.03616000	0.08851000	0.11216000	0.00000000	0.11058000	0.09638000	0.07319000	0.04526000	0.00000000	0.01704000	0.00000000	-0.00772000	-0.02600000	0.00000000	-0.03620000	-0.03795000	0.00000000	-0.03250000	-0.02164000
0.14338000	0.00622000	0.03909000	0.09461000	0.11797000	0.00000000	0.11365000	0.09568000	0.06859000	0.03751000	0.00000000	0.00759000	0.00000000	-0.01696000	-0.03317000	0.00000000	-0.03986000	-0.03732000	0.00000000	-0.02772000	-0.01370000
0.14961000	0.00676000	0.04210000	0.10071000	0.12347000	0.00000000	0.11606000	0.09406000	0.06301000	0.02904000	0.00000000	-0.00201000	0.00000000	-0.02558000	-0.03891000	0.00000000	-0.04144000	-0.03439000	0.00000000	-0.02093000	-0.00461000
0.15584000	0.00732000	0.04518000	0.10678000	0.12864000	0.00000000	0.11778000	0.09151000	0.05653000	0.02002000	0.00000000	-0.01152000	0.00000000	-0.03328000	-0.04296000	0.00000000	-0.04087000	-0.02934000	0.00000000	-0.01263000	0.00487000
0.16208000	0.00789000	0.04832000	0.11281000	0.13343000	0.00000000	0.11879000	0.08806000	0.04924000	0.01062000	0.00000000	-0.02068000	0.00000000	-0.03980000	-0.04517000	0.00000000	-0.03818000	-0.02249000	0.00000000	-0.00343000	0.01394000
0.16831000	0.00849000	0.05152000	0.11877000	0.13781000	0.00000000	0.11906000	0.08372000	0.04124000	0.00104000	0.00000000	-0.02923000	0.00000000	-0.04492000	-0.04543000	0.00000000	-0.03351000	-0.01426000	0.00000000	0.00603000	0.02186000
0.17455000	0.00911000	0.05477000	0.12465000	0.14175000	0.00000000	0.11859000	0.07855000	0.03265000	-0.00852000	0.00000000	-0.03696000	0.00000000	-0.04846000	-0.04374000	0.00000000	-0.02711000	-0.00514000	0.00000000	0.01506000	0.02796000
0.18078000	0.00974000	0.05808000	0.13042000	0.14524000	0.00000000	0.11736000	0.07258000	0.02360000	-0.01786000	0.00000000	-0.04364000	0.00000000	-0.05032000	-0.04018000	0.00000000	-0.01931000	0.00429000	0.00000000	0.02301000	0.03174000
0.18701000	0.01040000	0.06143000	0.13607000	0.14824000	0.00000000	0.11538000	0.06588000	0.01422000	-0.02680000	0.00000000	-0.04911000	0.00000000	-0.05041000	-0.03490000	0.00000000	-0.01051000	0.01346000	0.00000000	0.02931000	0.03288000
0.19325000	0.01108000	0.06482000	0.14158000	0.15074000	0.00000000	0.11266000	0.05851000	0.00467000	-0.03514000	0.00000000	-0.05321000	0.00000000	-0.04875000	-0.02811000	0.00000000	-0.00116000	0.02181000	0.00000000	0.03351000	0.03128000
0.19948000	0.01177000	0.06825000	0.14693000	0.15271000	0.00000000	0.10921000	0.05055000	-0.00493000	-0.04272000	0.00000000	-0.05584000	0.00000000	-0.04539000	-0.02013000	0.00000000	0.00825000	0.02883000	0.00000000	0.03530000	0.02708000
0.20571000	0.01249000	0.07171000	0.15210000	0.15414000	0.00000000	0.10504000	0.04208000	-0.01441000	-0.04937000	0.00000000	-0.05692000	0.00000000	-0.04046000	-0.01128000	0.00000000	0.01724000	0.03408000	0.00000000	0.03456000	0.02063000
0.21195000	0.01322000	0.07520000	0.15708000	0.15502000	0.00000000	0.10018000	0.03320000	-0.02365000	-0.05496000	0.00000000	-0.05642000	0.00000000	-0.03411000	-0.00195000	0.00000000	0.02534000	0.03724000	0.00000000	0.03133000	0.01246000
0.21818000	0.01397000	0.07872000	0.16185000	0.15534000	0.00000000	0.09466000	0.02398000	-0.03248000	-0.05938000	0.00000000	-0.05437000	0.00000000	-0.02658000	0.00747000	0.00000000	0.03214000	0.03813000	0.00000000	0.02586000	0.00326000
0.22442000	0.01474000	0.08225000	0.16640000	0.15508000	0.00000000	0.08851000	0.01454000	-0.04079000	-0.06253000	0.00000000	-0.05082000	0.00000000	-0.01812000	0.01658000	0.00000000	0.03728000	0.03668000	0.00000000	0.01853000	-0.00622000
0.23065000	0.01553000	0.08579000	0.17072000	0.15426000	0.00000000	0.08178000	0.00497000	-0.04844000	-0.06434000	0.00000000	-0.04586000	0.00000000	-0.00903000	0.02497000	0.00000000	0.04051000	0.03299000	0.00000000	0.00987000	-0.01518000
0.23688000	0.01634000	0.08935000	0.17478000	0.15285000	0.00000000	0.07451000	-0.00462000	-0.05531000	-0.06478000	0.00000000	-0.03964000	0.00000000	0.00037000	0.03231000	0.00000000	0.04164000	0.02727000	0.00000000	0.00050000	-0.02287000
0.24312000	0.01716000	0.09291000	0.17857000	0.15087000	0.00000000	0.06674000	-0.01414000	-0.06130000	-0.06385000	0.00000000	-0.03232000	0.00000000	0.00977000	0.03826000	0.00000000	0.04063000	0.01989000	0.00000000	-0.00890000	-0.02867000
0.24935000	0.01801000	0.09647000	0.18209000	0.14832000	0.00000000	0.05853000	-0.02348000	-0.06631000	-0.06155000	0.00000000	-0.02411000	0.00000000	0.01883000	0.04259000	0.00000000	0.03753000	0.01128000	0.00000000	-0.01767000	-0.03207000
0.25558000	0.01887000	0.10003000	0.18533000	0.14520000	0.00000000	0.04993000	-0.03254000	-0.07028000	-0.05795000	0.00000000	-0.01524000	0.00000000	0.02723000	0.04509000	0.00000000	0.03249000	0.00199000	0.00000000	-0.02516000	-0.03281000
0.26182000	0.01975000	0.10358000	0.18826000	0.14153000	0.00000000	0.04101000	-0.04122000	-0.07313000	-0.05312000	0.00000000	-0.00594000	0.00000000	0.03470000	0.04568000	0.00000000	0.02578000	-0.00743000	0.00000000	-0.03085000	-0.03082000
0.26805000	0.02064000	0.10712000	0.19089000	0.13731000	0.00000000	0.03183000	-0.04942000	-0.07483000	-0.04715000	0.00000000	0.00352000	0.00000000	0.04096000	0.04431000	0.00000000	0.01774000	-0.01639000	0.00000000	-0.03432000	-0.02626000
0.27429000	0.02156000	0.11065000	0.19320000	0.13256000	0.00000000	0.02244000	-0.05707000	-0.07534000	-0.04019000	0.00000000	0.01288000	0.00000000	0.04580000	0.04106000	0.00000000	0.00879000	-0.02434000	0.00000000	-0.03533000	-0.01952000
0.28052000	0.02249000	0.11416000	0.19518000	0.12730000	0.00000000	0.01293000	-0.06407000	-0.07467000	-0.03237000	0.00000000	0.02190000	0.00000000	0.04906000	0.03605000	0.00000000	-0.00062000	-0.03081000	0.00000000	-0.03381000	-0.01115000
0.28675000	0.02343000	0.11764000	0.19684000	0.12154000	0.00000000	0.00334000	-0.07035000	-0.07282000	-0.02387000	0.00000000	0.03031000	0.00000000	0.05062000	0.02951000	0.00000000	-0.01000000	-0.03539000	0.00000000	-0.02985000	-0.00186000
0.29299000	0.02440000	0.12109000	0.19815000	0.11531000	0.00000000	-0.00625000	-0.07584000	-0.06982000	-0.01485000	0.00000000	0.03789000	0.00000000	0.05043000	0.02171000	0.00000000	-0.01885000	-0.03780000	0.00000000	-0.02375000	0.00759000
0.29922000	0.02538000	0.12452000	0.19912000	0.10864000	0.00000000	-0.01578000	-0.08049000	-0.06572000	-0.00552000	0.00000000	0.04443000	0.00000000	0.04849000	0.01298000	0.00000000	-0.02674000	-0.03790000	0.00000000	-0.01594000	0.01641000
0.30545000	0.02637000	0.12791000	0.19974000	0.10154000	0.00000000	-0.02516000	-0.08424000	-0.06059000	0.00392000	0.00000000	0.04976000	0.00000000	0.04487000	0.00369000	0.00000000	-0.03325000	-0.03567000	0.00000000	-0.00699000	0.02386000
0.31169000	0.02739000	0.13126000	0.20000000	0.09404000	0.00000000	-0.03435000	-0.08705000	-0.05451000	0.01329000	0.00000000	0.05371000	0.00000000	0.03969000	-0.00575000	0.00000000	-0.03804000	-0.03126000	0.00000000	0.00246000	0.02932000
0.31792000	0.02842000	0.13457000	0.19991000	0.08618000	0.00000000	-0.04328000	-0.08889000	-0.04756000	0.02238000	0.00000000	0.05619000	0.00000000	0.03314000	-0.01494000	0.00000000	-0.04088000	-0.02493000	0.00000000	0.01174000	0.03235000
0.32416000	0.02946000	0.13783000	0.19946000	0.07799000	0.00000000	-0.05188000	-0.08974000	-0.03987000	0.03099000	0.00000000	0.05712000	0.00000000	0.02544000	-0.02350000	0.00000000	-0.04161000	-0.01708000	0.00000000	0.02017000	0.03268000
0.33039000	0.03052000	0.14104000	0.19865000	0.06949000	0.00000000	-0.06008000	-0.08960000	-0.03155000	0.03895000	0.00000000	0.05649000	0.00000000	0.01686000	-0.03105000	0.00000000	-0.04019000	-0.00818000	0.00000000	0.02715000	0.03030000
0.33662000	0.03160000	0.14420000	0.19747000	0.06072000	0.00000000	-0.06784000	-0.08846000	-0.02273000	0.04609000	0.00000000	0.05431000	0.00000000	0.00770000	-0.03728000	0.00000000	-0.03670000	0.00122000	0.00000000	0.03219000	0.02540000
0.34286000	0.03269000	0.14731000	0.19594000	0.05173000	0.00000000	-0.07510000	-0.08634000	-0.01356000	0.05225000	0.00000000	0.05063000	0.00000000	-0.00173000	-0.04192000	0.00000000	-0.03132000	0.01054000	0.00000000	0.03491000	0.01837000
0.34909000	0.03379000	0.15035000	0.19405000	0.04253000	0.00000000	-0.08180000	-0.08326000	-0.00417000	0.05731000	0.00000000	0.04556000	0.00000000	-0.01110000	-0.04477000	0.00000000	-0.02433000	0.01922000	0.00000000	0.03513000	0.00983000
0.35532000	0.03491000	0.15333000	0.19180000	0.03318000	0.00000000	-0.08791000	-0.07926000	0.00529000	0.06116000	0.00000000	0.03924000	0.00000000	-0.02009000	-0.04571000	0.00000000	-0.01608000	0.02672000	0.00000000	0.03282000	0.00046000
0.36156000	0.03605000	0.15624000	0.18919000	0.02371000	0.00000000	-0.09336000	-0.07438000	0.01466000	0.06371000	0.00000000	0.03184000	0.00000000	-0.02838000	-0.04470000	0.00000000	-0.00700000	0.03259000	0.00000000	0.02816000	-0.00894000
0.36779000	0.03720000	0.15908000	0.18624000	0.01416000	0.00000000	-0.09814000	-0.06867000	0.02381000	0.06492000	0.00000000	0.02357000	0.00000000	-0.03569000	-0.04178000	0.00000000	0.00243000	0.03646000	0.00000000	0.02147000	-0.01760000
0.37403000	0.03836000	0.16185000	0.18293000	0.00457000	0.00000000	-0.10219000	-0.06221000	0.03258000	0.06475000	0.00000000	0.01464000	0.00000000	-0.04176000	-0.03708000	0.00000000	0.01175000	0.03810000	0.00000000	0.01325000	-0.02480000
0.38026000	0.03954000	0.16455000	0.17929000	-0.00502000	0.00000000	-0.10550000	-0.05506000	0.04085000	0.06321000	0.00000000	0.00532000	0.00000000	-0.04638000	-0.03080000	0.00000000	0.02045000	0.03740000	0.00000000	0.00407000	-0.02993000
0.38649000	0.04073000	0.16716000	0.17531000	-0.01458000	0.00000000	-0.10804000	-0.04729000	0.04847000	0.06034000	0.00000000	-0.00415000	0.00000000	-0.04939000	-0.02320000	0.00000000	0.02810000	0.03441000	0.00000000	-0.00540000	-0.03257000
0.39273000	0.04194000	0.16970000	0.17100000	-0.02406000	0.00000000	-0.10980000	-0.03900000	0.05534000	0.05619000	0.00000000	-0.01350000	0.00000000	-0.05070000	-0.01461000	0.00000000	0.03431000	0.02932000	0.00000000	-0.01448000	-0.03251000
0.39896000	0.04316000	0.17215000	0.16637000	-0.03342000	0.00000000	-0.11075000	-0.03028000	0.06134000	0.05085000	0.00000000	-0.02249000	0.00000000	-0.05024000	-0.00540000	0.00000000	0.03874000	0.02242000	0.00000000	-0.02253000	-0.02973000
0.40519000	0.04439000	0.17451000	0.16143000	-0.04263000	0.00000000	-0.11090000	-0.02122000	0.06637000	0.04443000	0.00000000	-0.03085000	0.00000000	-0.04805000	0.00404000	0.00000000	0.04118000	0.01416000	0.00000000	-0.02895000	-0.02448000
0.41143000	0.04564000	0.17678000	0.15618000	-0.05165000	0.00000000	-0.11024000	-0.01193000	0.07037000	0.03708000	0.00000000	-0.03837000	0.00000000	-0.04419000	0.01331000	0.00000000	0.04150000	0.00503000	0.00000000	-0.03330000	-0.01720000
0.41766000	0.04690000	0.17896000	0.15064000	-0.06043000	0.00000000	-0.10878000	-0.00250000	0.07327000	0.02894000	0.00000000	-0.04484000	0.00000000	-0.03880000	0.02201000	0.00000000	0.03968000	-0.00441000	0.00000000	-0.03525000	-0.00848000
0.42390000	0.04817000	0.18104000	0.14481000	-0.06895000	0.00000000	-0.10653000	0.00695000	0.07501000	0.02019000	0.00000000	-0.05007000	0.00000000	-0.03207000	0.02977000	0.00000000	0.03581000	-0.01358000	0.00000000	-0.03468000	0.00094000
0.43013000	0.04945000	0.18303000	0.13872000	-0.07716000	0.00000000	-0.10350000	0.01633000	0.07558000	0.01101000	0.00000000	-0.05392000	0.00000000	-0.02422000	0.03627000	0.00000000	0.03010000	-0.02192000	0.00000000	-0.03161000	0.01028000
0.43636000	0.05075000	0.18492000	0.13236000	-0.08504000	0.00000000	-0.09972000	0.02553000	0.07497000	0.00160000	0.00000000	-0.05630000	0.00000000	-0.01553000	0.04121000	0.00000000	0.02284000	-0.02891000	0.00000000	-0.02627000	0.01877000
0.44260000	0.05206000	0.18670000	0.12575000	-0.09254000	0.00000000	-0.09522000	0.03445000	0.07318000	-0.00785000	0.00000000	-0.05712000	0.00000000	-0.00631000	0.04439000	0.00000000	0.01440000	-0.03414000	0.00000000	-0.01905000	0.02569000
0.44883000	0.05339000	0.18839000	0.11890000	-0.09965000	0.00000000	-0.09003000	0.04299000	0.07024000	-0.01713000	0.00000000	-0.05638000	0.00000000	0.00313000	0.04569000	0.00000000	0.00521000	-0.03727000	0.00000000	-0.01046000	0.03049000
0.45506000	0.05472000	0.18996000	0.11183000	-0.10632000	0.00000000	-0.08418000	0.05106000	0.06620000	-0.02604000	0.00000000	-0.05409000	0.00000000	0.01246000	0.04503000	0.00000000	-0.00424000	-0.03812000	0.00000000	-0.00112000	0.03273000
0.46130000	0.05607000	0.19143000	0.10456000	-0.11254000	0.00000000	-0.07772000	0.05856000	0.06113000	-0.03441000	0.00000000	-0.05031000	0.00000000	0.02137000	0.04245000	0.00000000	-0.01347000	-0.03663000	0.00000000	0.00830000	0.03226000
0.46753000	0.05743000	0.19278000	0.09708000	-0.11827000	0.00000000	-0.07070000	0.06542000	0.05510000	-0.04205000	0.00000000	-0.04515000	0.00000000	0.02953000	0.03806000	0.00000000	-0.02201000	-0.03291000	0.00000000	0.01713000	0.02911000
0.47377000	0.05880000	0.19403000	0.08943000	-0.12350000	0.00000000	-0.06316000	0.07155000	0.04820000	-0.04879000	0.00000000	-0.03874000	0.00000000	0.03667000	0.03204000	0.00000000	-0.02941000	-0.02716000	0.00000000	0.02473000	0.02353000
0.48000000	0.06018000	0.19516000	0.08161000	-0.12819000	0.00000000	-0.05517000	0.07690000	0.04054000	-0.05451000	0.00000000	-0.03128000	0.00000000	0.04253000	0.02466000	0.00000000	-0.03530000	-0.01975000	0.00000000	0.03055000	0.01599000
0.48623000	0.06157000	0.19618000	0.07365000	-0.13233000	0.00000000	-0.04677000	0.08140000	0.03226000	-0.05907000	0.00000000	-0.02295000	0.00000000	0.04693000	0.01623000	0.00000000	-0.03937000	-0.01114000	0.00000000	0.03418000	0.00712000
0.49247000	0.06297000	0.19708000	0.06555000	-0.13591000	0.00000000	-0.03804000	0.08499000	0.02346000	-0.06238000	0.00000000	-0.01399000	0.00000000	0.04969000	0.00710000	0.00000000	-0.04141000	-0.00184000	0.00000000	0.03534000	-0.00234000
0.49870000	0.06439000	0.19786000	0.05733000	-0.13891000	0.00000000	-0.02902000	0.08766000	0.01430000	-0.06437000	0.00000000	-0.00465000	0.00000000	0.05074000	-0.00233000	0.00000000	-0.04132000	0.00758000	0.00000000	0.03398000	-0.01160000
0.50494000	0.06581000	0.19852000	0.04901000	-0.14131000	0.00000000	-0.01980000	0.08935000	0.00491000	-0.06500000	0.00000000	0.00482000	0.00000000	0.05003000	-0.01166000	0.00000000	-0.03909000	0.01652000	0.00000000	0.03018000	-0.01990000
0.51117000	0.06725000	0.19906000	0.04060000	-0.14311000	0.00000000	-0.01043000	0.09006000	-0.00455000	-0.06426000	0.00000000	0.01415000	0.00000000	0.04758000	-0.02049000	0.00000000	-0.03485000	0.02446000	0.00000000	0.02420000	-0.02654000
0.51740000	0.06870000	0.19948000	0.03213000	-0.14430000	0.00000000	-0.00098000	0.08977000	-0.01394000	-0.06215000	0.00000000	0.02310000	0.00000000	0.04349000	-0.02845000	0.00000000	-0.02882000	0.03090000	0.00000000	0.01649000	-0.03098000
0.52364000	0.07015000	0.19978000	0.02361000	-0.14487000	0.00000000	0.00847000	0.08849000	-0.02311000	-0.05873000	0.00000000	0.03142000	0.00000000	0.03789000	-0.03519000	0.00000000	-0.02130000	0.03545000	0.00000000	0.00760000	-0.03284000
0.52987000	0.07162000	0.19995000	0.01505000	-0.14482000	0.00000000	0.01786000	0.08624000	-0.03192000	-0.05407000	0.00000000	0.03887000	0.00000000	0.03097000	-0.04044000	0.00000000	-0.01268000	0.03782000	0.00000000	-0.00184000	-0.03196000
0.53610000	0.07310000	0.20000000	0.00648000	-0.14416000	0.00000000	0.02713000	0.08303000	-0.04023000	-0.04826000	0.00000000	0.04525000	0.00000000	0.02298000	-0.04395000	0.00000000	-0.00341000	0.03788000	0.00000000	-0.01115000	-0.02843000
0.54234000	0.07458000	0.19992000	-0.00208000	-0.14288000	0.00000000	0.03620000	0.07891000	-0.04791000	-0.04144000	0.00000000	0.05039000	0.00000000	0.01420000	-0.04560000	0.00000000	0.00604000	0.03562000	0.00000000	-0.01966000	-0.02253000
0.54857000	0.07608000	0.19972000	-0.01063000	-0.14100000	0.00000000	0.04501000	0.07392000	-0.05484000	-0.03373000	0.00000000	0.05414000	0.00000000	0.00492000	-0.04529000	0.00000000	0.01517000	0.03117000	0.00000000	-0.02675000	-0.01475000
0.55481000	0.07759000	0.19939000	-0.01915000	-0.13851000	0.00000000	0.05350000	0.06811000	-0.06091000	-0.02531000	0.00000000	0.05641000	0.00000000	-0.00452000	-0.04305000	0.00000000	0.02353000	0.02482000	0.00000000	-0.03193000	-0.00575000
0.56104000	0.07910000	0.19893000	-0.02761000	-0.13544000	0.00000000	0.06160000	0.06154000	-0.06602000	-0.01636000	0.00000000	0.05712000	0.00000000	-0.01381000	-0.03898000	0.00000000	0.03067000	0.01695000	0.00000000	-0.03481000	0.00373000
0.56727000	0.08062000	0.19835000	-0.03599000	-0.13179000	0.00000000	0.06925000	0.05430000	-0.07010000	-0.00706000	0.00000000	0.05627000	0.00000000	-0.02262000	-0.03324000	0.00000000	0.03623000	0.00804000	0.00000000	-0.03519000	0.01290000
0.57351000	0.08216000	0.19763000	-0.04429000	-0.12758000	0.00000000	0.07641000	0.04646000	-0.07308000	0.00239000	0.00000000	0.05387000	0.00000000	-0.03065000	-0.02609000	0.00000000	0.03992000	-0.00137000	0.00000000	-0.03305000	0.02100000
0.57974000	0.08370000	0.19679000	-0.05249000	-0.12282000	0.00000000	0.08301000	0.03811000	-0.07491000	0.01179000	0.00000000	0.04999000	0.00000000	-0.03762000	-0.01782000	0.00000000	0.04156000	-0.01069000	0.00000000	-0.02853000	0.02735000
0.58597000	0.08525000	0.19582000	-0.06056000	-0.11755000	0.00000000	0.08902000	0.02933000	-0.07557000	0.02094000	0.00000000	0.04473000	0.00000000	-0.04328000	-0.00879000	0.00000000	0.04105000	-0.01935000	0.00000000	-0.02196000	0.03142000
0.59221000	0.08681000	0.19472000	-0.06849000	-0.11177000	0.00000000	0.09438000	0.02023000	-0.07504000	0.02964000	0.00000000	0.03825000	0.00000000	-0.04744000	0.00061000	0.00000000	0.03843000	-0.02683000	0.00000000	-0.01382000	0.03288000
0.59844000	0.08838000	0.19349000	-0.07626000	-0.10553000	0.00000000	0.09906000	0.01091000	-0.07333000	0.03772000	0.00000000	0.03072000	0.00000000	-0.04996000	0.00999000	0.00000000	0.03383000	-0.03267000	0.00000000	-0.00468000	0.03161000
0.60468000	0.08995000	0.19214000	-0.08387000	-0.09883000	0.00000000	0.10303000	0.00147000	-0.07048000	0.04500000	0.00000000	0.02234000	0.00000000	-0.05075000	0.01894000	0.00000000	0.02748000	-0.03650000	0.00000000	0.00479000	0.02770000
0.61091000	0.09153000	0.19065000	-0.09129000	-0.09172000	0.00000000	0.10625000	-0.00799000	-0.06652000	0.05133000	0.00000000	0.01335000	0.00000000	-0.04978000	0.02709000	0.00000000	0.01972000	-0.03810000	0.00000000	0.01392000	0.02149000
0.61714000	0.09313000	0.18904000	-0.09850000	-0.08422000	0.00000000	0.10871000	-0.01736000	-0.06152000	0.05657000	0.00000000	0.00399000	0.00000000	-0.04708000	0.03408000	0.00000000	0.01094000	-0.03737000	0.00000000	0.02205000	0.01349000
0.62338000	0.09472000	0.18730000	-0.10550000	-0.07636000	0.00000000	0.11038000	-0.02655000	-0.05555000	0.06062000	0.00000000	-0.00548000	0.00000000	-0.04275000	0.03961000	0.00000000	0.00160000	-0.03434000	0.00000000	0.02859000	0.00437000
0.62961000	0.09633000	0.18543000	-0.11227000	-0.06818000	0.00000000	0.11125000	-0.03543000	-0.04871000	0.06338000	0.00000000	-0.01480000	0.00000000	-0.03694000	0.04345000	0.00000000	-0.00782000	-0.02922000	0.00000000	0.03308000	-0.00512000
0.63584000	0.09794000	0.18344000	-0.11879000	-0.05971000	0.00000000	0.11132000	-0.04393000	-0.04111000	0.06480000	0.00000000	-0.02371000	0.00000000	-0.02985000	0.04544000	0.00000000	-0.01685000	-0.02230000	0.00000000	0.03520000	-0.01418000
0.64208000	0.09957000	0.18132000	-0.12505000	-0.05099000	0.00000000	0.11059000	-0.05195000	-0.03286000	0.06485000	0.00000000	-0.03197000	0.00000000	-0.02173000	0.04549000	0.00000000	-0.02500000	-0.01402000	0.00000000	0.03479000	-0.02205000
0.64831000	0.10119000	0.17908000	-0.13104000	-0.04206000	0.00000000	0.10906000	-0.05939000	-0.02410000	0.06353000	0.00000000	-0.03935000	0.00000000	-0.01286000	0.04360000	0.00000000	-0.03186000	-0.00488000	0.00000000	0.03188000	-0.02810000
0.65455000	0.10283000	0.17671000	-0.13674000	-0.03295000	0.00000000	0.10674000	-0.06617000	-0.01496000	0.06086000	0.00000000	-0.04565000	0.00000000	-0.00353000	0.03985000	0.00000000	-0.03709000	0.00456000	0.00000000	0.02668000	-0.03181000
0.66078000	0.10447000	0.17422000	-0.14214000	-0.02371000	0.00000000	0.10365000	-0.07223000	-0.00558000	0.05691000	0.00000000	-0.05069000	0.00000000	0.00591000	0.03440000	0.00000000	-0.04040000	0.01372000	0.00000000	0.01957000	-0.03286000
0.66701000	0.10612000	0.17161000	-0.14724000	-0.01437000	0.00000000	0.09982000	-0.07749000	0.00388000	0.05175000	0.00000000	-0.05435000	0.00000000	0.01515000	0.02748000	0.00000000	-0.04163000	0.02204000	0.00000000	0.01105000	-0.03119000
0.67325000	0.10777000	0.16887000	-0.15201000	-0.00497000	0.00000000	0.09526000	-0.08190000	0.01329000	0.04550000	0.00000000	-0.05650000	0.00000000	0.02386000	0.01939000	0.00000000	-0.04072000	0.02901000	0.00000000	0.00174000	-0.02692000
0.67948000	0.10943000	0.16602000	-0.15646000	0.00444000	0.00000000	0.09002000	-0.08540000	0.02248000	0.03828000	0.00000000	-0.05711000	0.00000000	0.03175000	0.01047000	0.00000000	-0.03770000	0.03420000	0.00000000	-0.00770000	-0.02041000
0.68571000	0.11110000	0.16305000	-0.16056000	0.01383000	0.00000000	0.08414000	-0.08796000	0.03133000	0.03025000	0.00000000	-0.05614000	0.00000000	0.03854000	0.00110000	0.00000000	-0.03274000	0.03730000	0.00000000	-0.01659000	-0.01220000
0.69195000	0.11277000	0.15995000	-0.16432000	0.02316000	0.00000000	0.07764000	-0.08955000	0.03968000	0.02158000	0.00000000	-0.05364000	0.00000000	0.04399000	-0.00831000	0.00000000	-0.02610000	0.03812000	0.00000000	-0.02428000	-0.00298000
0.69818000	0.11445000	0.15675000	-0.16772000	0.03238000	0.00000000	0.07059000	-0.09016000	0.04742000	0.01246000	0.00000000	-0.04965000	0.00000000	0.04791000	-0.01737000	0.00000000	-0.01811000	0.03659000	0.00000000	-0.03023000	0.00649000
0.70442000	0.11614000	0.15343000	-0.17076000	0.04146000	0.00000000	0.06303000	-0.08977000	0.05441000	0.00307000	0.00000000	-0.04430000	0.00000000	0.05018000	-0.02568000	0.00000000	-0.00919000	0.03283000	0.00000000	-0.03401000	0.01542000
0.71065000	0.11783000	0.14999000	-0.17342000	0.05035000	0.00000000	0.05502000	-0.08840000	0.06055000	-0.00639000	0.00000000	-0.03774000	0.00000000	0.05071000	-0.03290000	0.00000000	0.00021000	0.02706000	0.00000000	-0.03535000	0.02307000
0.71688000	0.11952000	0.14645000	-0.17571000	0.05902000	0.00000000	0.04662000	-0.08605000	0.06574000	-0.01571000	0.00000000	-0.03013000	0.00000000	0.04948000	-0.03872000	0.00000000	0.00959000	0.01963000	0.00000000	-0.03415000	0.02880000
0.72312000	0.12122000	0.14279000	-0.17762000	0.06744000	0.00000000	0.03788000	-0.08275000	0.06990000	-0.02470000	0.00000000	-0.02170000	0.00000000	0.04653000	-0.04288000	0.00000000	0.01848000	0.01099000	0.00000000	-0.03049000	0.03213000
0.72935000	0.12293000	0.13903000	-0.17913000	0.07555000	0.00000000	0.02887000	-0.07854000	0.07297000	-0.03317000	0.00000000	-0.01267000	0.00000000	0.04197000	-0.04522000	0.00000000	0.02642000	0.00169000	0.00000000	-0.02465000	0.03279000
0.73558000	0.12464000	0.13516000	-0.18026000	0.08334000	0.00000000	0.01966000	-0.07347000	0.07490000	-0.04094000	0.00000000	-0.00329000	0.00000000	0.03596000	-0.04562000	0.00000000	0.03300000	-0.00772000	0.00000000	-0.01704000	0.03072000
0.74182000	0.12636000	0.13118000	-0.18100000	0.09077000	0.00000000	0.01032000	-0.06759000	0.07566000	-0.04784000	0.00000000	0.00618000	0.00000000	0.02870000	-0.04408000	0.00000000	0.03787000	-0.01666000	0.00000000	-0.00820000	0.02609000
0.74805000	0.12808000	0.12710000	-0.18134000	0.09780000	0.00000000	0.00091000	-0.06097000	0.07523000	-0.05374000	0.00000000	0.01548000	0.00000000	0.02044000	-0.04065000	0.00000000	0.04079000	-0.02457000	0.00000000	0.00122000	0.01930000
0.75429000	0.12980000	0.12292000	-0.18128000	0.10440000	0.00000000	-0.00851000	-0.05368000	0.07363000	-0.05850000	0.00000000	0.02436000	0.00000000	0.01148000	-0.03549000	0.00000000	0.04161000	-0.03098000	0.00000000	0.01056000	0.01089000
0.76052000	0.13153000	0.11865000	-0.18082000	0.11054000	0.00000000	-0.01785000	-0.04581000	0.07087000	-0.06202000	0.00000000	0.03257000	0.00000000	0.00211000	-0.02881000	0.00000000	0.04029000	-0.03549000	0.00000000	0.01914000	0.00159000
0.76675000	0.13327000	0.11428000	-0.17997000	0.11621000	0.00000000	-0.02706000	-0.03743000	0.06701000	-0.06424000	0.00000000	0.03989000	0.00000000	-0.00733000	-0.02091000	0.00000000	0.03688000	-0.03783000	0.00000000	0.02634000	-0.00786000
0.77299000	0.13500000	0.10981000	-0.17872000	0.12136000	0.00000000	-0.03606000	-0.02865000	0.06210000	-0.06510000	0.00000000	0.04611000	0.00000000	-0.01652000	-0.01211000	0.00000000	0.03158000	-0.03785000	0.00000000	0.03165000	-0.01664000
0.77922000	0.13675000	0.10525000	-0.17707000	0.12599000	0.00000000	-0.04479000	-0.01956000	0.05623000	-0.06459000	0.00000000	0.05108000	0.00000000	-0.02513000	-0.00279000	0.00000000	0.02464000	-0.03555000	0.00000000	0.03469000	-0.02404000
0.78545000	0.13849000	0.10060000	-0.17503000	0.13006000	0.00000000	-0.05318000	-0.01026000	0.04948000	-0.06271000	0.00000000	0.05464000	0.00000000	-0.03289000	0.00665000	0.00000000	0.01644000	-0.03107000	0.00000000	0.03524000	-0.02944000
0.79169000	0.14024000	0.09586000	-0.17260000	0.13356000	0.00000000	-0.06118000	-0.00085000	0.04196000	-0.05952000	0.00000000	0.05670000	0.00000000	-0.03950000	0.01581000	0.00000000	0.00738000	-0.02468000	0.00000000	0.03325000	-0.03239000
0.79792000	0.14200000	0.09104000	-0.16979000	0.13648000	0.00000000	-0.06872000	0.00855000	0.03379000	-0.05507000	0.00000000	0.05722000	0.00000000	-0.04475000	0.02430000	0.00000000	-0.00206000	-0.01679000	0.00000000	0.02887000	-0.03264000
0.80416000	0.14375000	0.08614000	-0.16659000	0.13880000	0.00000000	-0.07576000	0.01785000	0.02510000	-0.04947000	0.00000000	0.05616000	0.00000000	-0.04846000	0.03176000	0.00000000	-0.01139000	-0.00786000	0.00000000	0.02242000	-0.03018000
0.81039000	0.14551000	0.08116000	-0.16302000	0.14051000	0.00000000	-0.08222000	0.02694000	0.01603000	-0.04282000	0.00000000	0.05357000	0.00000000	-0.05049000	0.03786000	0.00000000	-0.02015000	0.00156000	0.00000000	0.01436000	-0.02520000
0.81662000	0.14728000	0.07609000	-0.15908000	0.14159000	0.00000000	-0.08808000	0.03572000	0.00671000	-0.03529000	0.00000000	0.04952000	0.00000000	-0.05078000	0.04236000	0.00000000	-0.02787000	0.01088000	0.00000000	0.00526000	-0.01812000
0.82286000	0.14904000	0.07096000	-0.15477000	0.14206000	0.00000000	-0.09329000	0.04409000	-0.00269000	-0.02701000	0.00000000	0.04412000	0.00000000	-0.04932000	0.04506000	0.00000000	-0.03416000	0.01954000	0.00000000	-0.00422000	-0.00953000
0.82909000	0.15081000	0.06575000	-0.15011000	0.14189000	0.00000000	-0.09779000	0.05195000	-0.01204000	-0.01818000	0.00000000	0.03752000	0.00000000	-0.04616000	0.04585000	0.00000000	-0.03870000	0.02702000	0.00000000	-0.01341000	-0.00014000
0.83532000	0.15258000	0.06047000	-0.14510000	0.14109000	0.00000000	-0.10157000	0.05923000	-0.02118000	-0.00898000	0.00000000	0.02990000	0.00000000	-0.04142000	0.04469000	0.00000000	-0.04126000	0.03284000	0.00000000	-0.02164000	0.00927000
0.84156000	0.15436000	0.05512000	-0.13975000	0.13967000	0.00000000	-0.10460000	0.06583000	-0.02997000	0.00039000	0.00000000	0.02148000	0.00000000	-0.03526000	0.04164000	0.00000000	-0.04170000	0.03668000	0.00000000	-0.02833000	0.01791000
0.84779000	0.15614000	0.04971000	-0.13408000	0.13762000	0.00000000	-0.10684000	0.07168000	-0.03827000	0.00973000	0.00000000	0.01248000	0.00000000	-0.02790000	0.03683000	0.00000000	-0.04001000	0.03827000	0.00000000	-0.03299000	0.02508000
0.85403000	0.15792000	0.04424000	-0.12808000	0.13495000	0.00000000	-0.10828000	0.07671000	-0.04595000	0.01884000	0.00000000	0.00317000	0.00000000	-0.01959000	0.03047000	0.00000000	-0.03628000	0.03754000	0.00000000	-0.03531000	0.03018000
0.86026000	0.15970000	0.03870000	-0.12177000	0.13167000	0.00000000	-0.10890000	0.08087000	-0.05288000	0.02753000	0.00000000	-0.00620000	0.00000000	-0.01063000	0.02284000	0.00000000	-0.03071000	0.03454000	0.00000000	-0.03511000	0.03279000
0.86649000	0.16148000	0.03311000	-0.11517000	0.12780000	0.00000000	-0.10871000	0.08411000	-0.05894000	0.03560000	0.00000000	-0.01536000	0.00000000	-0.00134000	0.01427000	0.00000000	-0.02359000	0.02946000	0.00000000	-0.03242000	0.03269000
0.87273000	0.16327000	0.02747000	-0.10828000	0.12334000	0.00000000	-0.10769000	0.08638000	-0.06405000	0.04288000	0.00000000	-0.02407000	0.00000000	0.00796000	0.00513000	0.00000000	-0.01529000	0.02261000	0.00000000	-0.02745000	0.02991000
0.87896000	0.16506000	0.02177000	-0.10112000	0.11831000	0.00000000	-0.10586000	0.08766000	-0.06811000	0.04921000	0.00000000	-0.03206000	0.00000000	0.01693000	-0.00417000	0.00000000	-0.00626000	0.01443000	0.00000000	-0.02055000	0.02470000
0.88519000	0.16685000	0.01603000	-0.09370000	0.11274000	0.00000000	-0.10322000	0.08794000	-0.07106000	0.05445000	0.00000000	-0.03912000	0.00000000	0.02526000	-0.01324000	0.00000000	0.00303000	0.00542000	0.00000000	-0.01224000	0.01749000
0.89143000	0.16864000	0.01024000	-0.08602000	0.10664000	0.00000000	-0.09979000	0.08719000	-0.07285000	0.05848000	0.00000000	-0.04505000	0.00000000	0.03264000	-0.02167000	0.00000000	0.01209000	-0.00383000	0.00000000	-0.00314000	0.00892000
0.89766000	0.17044000	0.00441000	-0.07812000	0.10003000	0.00000000	-0.09558000	0.08543000	-0.07343000	0.06120000	0.00000000	-0.04965000	0.00000000	0.03880000	-0.02907000	0.00000000	0.02042000	-0.01274000	0.00000000	0.00608000	-0.00029000
0.90390000	0.17223000	-0.00146000	-0.06999000	0.09293000	0.00000000	-0.09063000	0.08267000	-0.07280000	0.06255000	0.00000000	-0.05281000	0.00000000	0.04352000	-0.03513000	0.00000000	0.02757000	-0.02073000	0.00000000	0.01471000	-0.00932000
0.91013000	0.17403000	-0.00737000	-0.06165000	0.08539000	0.00000000	-0.08496000	0.07893000	-0.07095000	0.06249000	0.00000000	-0.05440000	0.00000000	0.04661000	-0.03954000	0.00000000	0.03315000	-0.02729000	0.00000000	0.02211000	-0.01738000
0.91636000	0.17583000	-0.01331000	-0.05313000	0.07741000	0.00000000	-0.07862000	0.07425000	-0.06790000	0.06101000	0.00000000	-0.05438000	0.00000000	0.04794000	-0.04210000	0.00000000	0.03683000	-0.03196000	0.00000000	0.02768000	-0.02374000
0.92260000	0.17763000	-0.01929000	-0.04442000	0.06904000	0.00000000	-0.07164000	0.06867000	-0.06369000	0.05811000	0.00000000	-0.05271000	0.00000000	0.04742000	-0.04265000	0.00000000	0.03836000	-0.03439000	0.00000000	0.03095000	-0.02777000
0.92883000	0.17943000	-0.02529000	-0.03555000	0.06030000	0.00000000	-0.06406000	0.06224000	-0.05838000	0.05385000	0.00000000	-0.04943000	0.00000000	0.04506000	-0.04112000	0.00000000	0.03761000	-0.03436000	0.00000000	0.03159000	-0.02904000
0.93506000	0.18123000	-0.03132000	-0.02654000	0.05123000	0.00000000	-0.05594000	0.05503000	-0.05203000	0.04830000	0.00000000	-0.04458000	0.00000000	0.04087000	-0.03753000	0.00000000	0.03454000	-0.03178000	0.00000000	0.02945000	-0.02730000
0.93506000	0.18123000	-0.03132000	-0.02654000	0.05123000	0.00000000	-0.05594000	0.05503000	-0.05203000	0.04830000	0.00000000	-0.04458000	0.00000000	0.04087000	-0.03753000	0.00000000	0.03454000	-0.03178000	0.00000000	0.02945000	-0.02730000
1.00000000	0.20000000	-0.09425000	0.06810000	-0.04491000	0.00000000	0.03135000	-0.02394000	0.01927000	-0.01605000	0.00000000	0.01373000	0.00000000	-0.01190000	0.01047000	0.00000000	-0.00933000	0.00836000	0.00000000	-0.00759000	0.00691000
