#x	Mode 1: Theta Y	Mode 2: Theta Y	Mode 3: Theta Y	Mode 4: Theta Y	Mode 5: Theta Y	Mode 6: Theta Y	Mode 7: Theta Y	Mode 8: Theta Y	Mode 9: Theta Y	Mode 10: Theta Y	Mode 11: Theta Y	Mode 12: Theta Y	Mode 13: Theta Y	Mode 14: Theta Y	Mode 15: Theta Y	Mode 16: Theta Y	Mode 17: Theta Y	Mode 18: Theta Y	Mode 19: Theta Y	Mode 20: Theta Y
0.00000000	0.00000000	0.00000000	0.00000000	0.00000000	0.00000000	0.00000000	0.00000000	0.00000000	0.00000000	0.00000000	0.00000000	0.00000000	0.00000000	0.00000000	0.00000000	0.00000000	0.00000000	0.00000000	0.00000000	0.00000000
0.00623000	-0.00052000	-0.00381000	-0.01113000	-0.01757000	0.00000000	-0.02268000	-0.02771000	-0.03265000	-0.03747000	0.00000000	-0.04227000	0.00000000	-0.04679000	-0.05128000	0.00000000	-0.05572000	-0.05992000	0.00000000	-0.06430000	-0.06844000
0.01247000	-0.00103000	-0.00751000	-0.02174000	-0.03395000	0.00000000	-0.04335000	-0.05237000	-0.06097000	-0.06911000	0.00000000	-0.07698000	0.00000000	-0.08410000	-0.09092000	0.00000000	-0.09743000	-0.10328000	0.00000000	-0.10918000	-0.11444000
0.01870000	-0.00154000	-0.01111000	-0.03184000	-0.04915000	0.00000000	-0.06201000	-0.07396000	-0.08496000	-0.09493000	0.00000000	-0.10414000	0.00000000	-0.11195000	-0.11898000	0.00000000	-0.12521000	-0.13018000	0.00000000	-0.13482000	-0.13826000
0.02494000	-0.00205000	-0.01462000	-0.04141000	-0.06317000	0.00000000	-0.07867000	-0.09251000	-0.10463000	-0.11496000	0.00000000	-0.12382000	0.00000000	-0.13048000	-0.13566000	0.00000000	-0.13937000	-0.14113000	0.00000000	-0.14195000	-0.14094000
0.03117000	-0.00255000	-0.01802000	-0.05047000	-0.07602000	0.00000000	-0.09333000	-0.10802000	-0.12004000	-0.12929000	0.00000000	-0.13619000	0.00000000	-0.13995000	-0.14142000	0.00000000	-0.14063000	-0.13717000	0.00000000	-0.13211000	-0.12464000
0.03740000	-0.00305000	-0.02131000	-0.05902000	-0.08769000	0.00000000	-0.10599000	-0.12053000	-0.13123000	-0.13806000	0.00000000	-0.14149000	0.00000000	-0.14079000	-0.13694000	0.00000000	-0.13007000	-0.11990000	0.00000000	-0.10755000	-0.09247000
0.04364000	-0.00354000	-0.02451000	-0.06704000	-0.09818000	0.00000000	-0.11669000	-0.13007000	-0.13831000	-0.14145000	0.00000000	-0.14008000	0.00000000	-0.13361000	-0.12319000	0.00000000	-0.10911000	-0.09140000	0.00000000	-0.07120000	-0.04841000
0.04987000	-0.00403000	-0.02761000	-0.07456000	-0.10751000	0.00000000	-0.12543000	-0.13671000	-0.14142000	-0.13973000	0.00000000	-0.13243000	0.00000000	-0.11919000	-0.10139000	0.00000000	-0.07959000	-0.05427000	0.00000000	-0.02664000	0.00282000
0.05610000	-0.00452000	-0.03060000	-0.08155000	-0.11569000	0.00000000	-0.13225000	-0.14051000	-0.14070000	-0.13322000	0.00000000	-0.11910000	0.00000000	-0.09845000	-0.07297000	0.00000000	-0.04362000	-0.01143000	0.00000000	0.02225000	0.05622000
0.06234000	-0.00500000	-0.03349000	-0.08804000	-0.12271000	0.00000000	-0.13717000	-0.14157000	-0.13636000	-0.12229000	0.00000000	-0.10077000	0.00000000	-0.07249000	-0.03957000	0.00000000	-0.00350000	0.03400000	0.00000000	0.07140000	0.10674000
0.06857000	-0.00548000	-0.03628000	-0.09402000	-0.12860000	0.00000000	-0.14024000	-0.13999000	-0.12864000	-0.10740000	0.00000000	-0.07821000	0.00000000	-0.04251000	-0.00296000	0.00000000	0.03831000	0.07882000	0.00000000	0.11685000	0.14975000
0.07481000	-0.00596000	-0.03897000	-0.09948000	-0.13336000	0.00000000	-0.14151000	-0.13590000	-0.11780000	-0.08905000	0.00000000	-0.05225000	0.00000000	-0.00979000	0.03502000	0.00000000	0.07936000	0.11998000	0.00000000	0.15503000	0.18137000
0.08104000	-0.00643000	-0.04156000	-0.10444000	-0.13701000	0.00000000	-0.14103000	-0.12944000	-0.10414000	-0.06778000	0.00000000	-0.02379000	0.00000000	0.02431000	0.07253000	0.00000000	0.11728000	0.15469000	0.00000000	0.18290000	0.19864000
0.08727000	-0.00690000	-0.04405000	-0.10890000	-0.13958000	0.00000000	-0.13886000	-0.12076000	-0.08798000	-0.04418000	0.00000000	0.00621000	0.00000000	0.05844000	0.10776000	0.00000000	0.14994000	0.18065000	0.00000000	0.19831000	0.20000000
0.09351000	-0.00736000	-0.04643000	-0.11286000	-0.14108000	0.00000000	-0.13508000	-0.11004000	-0.06969000	-0.01887000	0.00000000	0.03680000	0.00000000	0.09127000	0.13909000	0.00000000	0.17551000	0.19612000	0.00000000	0.20000000	0.18519000
0.09974000	-0.00782000	-0.04872000	-0.11633000	-0.14153000	0.00000000	-0.12975000	-0.09747000	-0.04963000	0.00750000	0.00000000	0.06703000	0.00000000	0.12154000	0.16502000	0.00000000	0.19251000	0.20000000	0.00000000	0.18769000	0.15527000
0.10597000	-0.00828000	-0.05090000	-0.11930000	-0.14097000	0.00000000	-0.12297000	-0.08325000	-0.02820000	0.03430000	0.00000000	0.09597000	0.00000000	0.14811000	0.18437000	0.00000000	0.20000000	0.19199000	0.00000000	0.16222000	0.11272000
0.11221000	-0.00873000	-0.05298000	-0.12179000	-0.13942000	0.00000000	-0.11482000	-0.06759000	-0.00581000	0.06088000	0.00000000	0.12273000	0.00000000	0.16996000	0.19623000	0.00000000	0.19751000	0.17250000	0.00000000	0.12535000	0.06098000
0.11844000	-0.00918000	-0.05497000	-0.12380000	-0.13690000	0.00000000	-0.10541000	-0.05072000	0.01714000	0.08660000	0.00000000	0.14652000	0.00000000	0.18627000	0.20000000	0.00000000	0.18508000	0.14264000	0.00000000	0.07963000	0.00430000
0.12468000	-0.00963000	-0.05685000	-0.12533000	-0.13347000	0.00000000	-0.09483000	-0.03287000	0.04023000	0.11087000	0.00000000	0.16662000	0.00000000	0.19641000	0.19549000	0.00000000	0.16333000	0.10423000	0.00000000	0.02835000	-0.05260000
0.13091000	-0.01007000	-0.05864000	-0.12640000	-0.12914000	0.00000000	-0.08320000	-0.01428000	0.06304000	0.13311000	0.00000000	0.18243000	0.00000000	0.20000000	0.18285000	0.00000000	0.13333000	0.05957000	0.00000000	-0.02487000	-0.10507000
0.13714000	-0.01051000	-0.06032000	-0.12700000	-0.12397000	0.00000000	-0.07063000	0.00480000	0.08518000	0.15283000	0.00000000	0.19346000	0.00000000	0.19685000	0.16255000	0.00000000	0.09658000	0.01135000	0.00000000	-0.07622000	-0.14870000
0.14338000	-0.01094000	-0.06191000	-0.12716000	-0.11799000	0.00000000	-0.05724000	0.02415000	0.10627000	0.16955000	0.00000000	0.19938000	0.00000000	0.18705000	0.13547000	0.00000000	0.05497000	-0.03747000	0.00000000	-0.12202000	-0.17992000
0.14961000	-0.01137000	-0.06340000	-0.12686000	-0.11124000	0.00000000	-0.04315000	0.04350000	0.12595000	0.18290000	0.00000000	0.20000000	0.00000000	0.17091000	0.10271000	0.00000000	0.01060000	-0.08394000	0.00000000	-0.15903000	-0.19616000
0.15584000	-0.01180000	-0.06479000	-0.12613000	-0.10377000	0.00000000	-0.02848000	0.06261000	0.14386000	0.19256000	0.00000000	0.19527000	0.00000000	0.14896000	0.06565000	0.00000000	-0.03424000	-0.12521000	0.00000000	-0.18456000	-0.19600000
0.16208000	-0.01223000	-0.06608000	-0.12498000	-0.09563000	0.00000000	-0.01337000	0.08127000	0.15972000	0.19831000	0.00000000	0.18530000	0.00000000	0.12195000	0.02587000	0.00000000	-0.07727000	-0.15877000	0.00000000	-0.19682000	-0.17954000
0.16831000	-0.01264000	-0.06727000	-0.12341000	-0.08686000	0.00000000	0.00207000	0.09922000	0.17324000	0.20000000	0.00000000	0.17034000	0.00000000	0.09079000	-0.01496000	0.00000000	-0.11627000	-0.18259000	0.00000000	-0.19494000	-0.14814000
0.17455000	-0.01306000	-0.06837000	-0.12143000	-0.07752000	0.00000000	0.01769000	0.11626000	0.18419000	0.19757000	0.00000000	0.15080000	0.00000000	0.05655000	-0.05509000	0.00000000	-0.14924000	-0.19517000	0.00000000	-0.17901000	-0.10436000
0.18078000	-0.01347000	-0.06937000	-0.11905000	-0.06766000	0.00000000	0.03337000	0.13219000	0.19239000	0.19107000	0.00000000	0.12718000	0.00000000	0.02041000	-0.09284000	0.00000000	-0.17449000	-0.19580000	0.00000000	-0.15023000	-0.05192000
0.18701000	-0.01388000	-0.07027000	-0.11629000	-0.05734000	0.00000000	0.04898000	0.14680000	0.19769000	0.18062000	0.00000000	0.10014000	0.00000000	-0.01639000	-0.12660000	0.00000000	-0.19073000	-0.18443000	0.00000000	-0.11066000	0.00486000
0.19325000	-0.01429000	-0.07108000	-0.11316000	-0.04660000	0.00000000	0.06439000	0.15992000	0.20000000	0.16642000	0.00000000	0.07040000	0.00000000	-0.05258000	-0.15492000	0.00000000	-0.19712000	-0.16173000	0.00000000	-0.06312000	0.06124000
0.19948000	-0.01469000	-0.07180000	-0.10967000	-0.03551000	0.00000000	0.07948000	0.17140000	0.19926000	0.14877000	0.00000000	0.03878000	0.00000000	-0.08692000	-0.17662000	0.00000000	-0.19333000	-0.12912000	0.00000000	-0.01105000	0.11252000
0.20571000	-0.01508000	-0.07242000	-0.10583000	-0.02412000	0.00000000	0.09414000	0.18109000	0.19548000	0.12803000	0.00000000	0.00612000	0.00000000	-0.11823000	-0.19076000	0.00000000	-0.17958000	-0.08861000	0.00000000	0.04182000	0.15446000
0.21195000	-0.01548000	-0.07295000	-0.10165000	-0.01249000	0.00000000	0.10823000	0.18888000	0.18871000	0.10463000	0.00000000	-0.02666000	0.00000000	-0.14541000	-0.19674000	0.00000000	-0.15655000	-0.04264000	0.00000000	0.09169000	0.18352000
0.21818000	-0.01587000	-0.07338000	-0.09716000	-0.00067000	0.00000000	0.12165000	0.19467000	0.17904000	0.07905000	0.00000000	-0.05869000	0.00000000	-0.16753000	-0.19432000	0.00000000	-0.12545000	0.00592000	0.00000000	0.13497000	0.19733000
0.22442000	-0.01625000	-0.07373000	-0.09236000	0.01127000	0.00000000	0.13430000	0.19840000	0.16662000	0.05185000	0.00000000	-0.08908000	0.00000000	-0.18384000	-0.18360000	0.00000000	-0.08789000	0.05414000	0.00000000	0.16859000	0.19474000
0.23065000	-0.01663000	-0.07398000	-0.08726000	0.02327000	0.00000000	0.14607000	0.20000000	0.15163000	0.02358000	0.00000000	-0.11699000	0.00000000	-0.19376000	-0.16503000	0.00000000	-0.04578000	0.09904000	0.00000000	0.19007000	0.17590000
0.23688000	-0.01701000	-0.07414000	-0.08189000	0.03528000	0.00000000	0.15687000	0.19946000	0.13431000	-0.00516000	0.00000000	-0.14168000	0.00000000	-0.19696000	-0.13942000	0.00000000	-0.00132000	0.13787000	0.00000000	0.19791000	0.14246000
0.24312000	-0.01739000	-0.07421000	-0.07626000	0.04724000	0.00000000	0.16662000	0.19677000	0.11493000	-0.03377000	0.00000000	-0.16246000	0.00000000	-0.19332000	-0.10786000	0.00000000	0.04323000	0.16827000	0.00000000	0.19157000	0.09717000
0.24935000	-0.01776000	-0.07420000	-0.07039000	0.05909000	0.00000000	0.17523000	0.19197000	0.09377000	-0.06164000	0.00000000	-0.17876000	0.00000000	-0.18298000	-0.07168000	0.00000000	0.08554000	0.18835000	0.00000000	0.17143000	0.04377000
0.25558000	-0.01812000	-0.07409000	-0.06428000	0.07079000	0.00000000	0.18265000	0.18509000	0.07118000	-0.08819000	0.00000000	-0.19014000	0.00000000	-0.16629000	-0.03245000	0.00000000	0.12344000	0.19690000	0.00000000	0.13901000	-0.01325000
0.26182000	-0.01849000	-0.07390000	-0.05797000	0.08226000	0.00000000	0.18880000	0.17621000	0.04750000	-0.11286000	0.00000000	-0.19628000	0.00000000	-0.14383000	0.00818000	0.00000000	0.15499000	0.19341000	0.00000000	0.09660000	-0.06919000
0.26805000	-0.01885000	-0.07363000	-0.05145000	0.09346000	0.00000000	0.19365000	0.16542000	0.02309000	-0.13513000	0.00000000	-0.19702000	0.00000000	-0.11638000	0.04845000	0.00000000	0.17855000	0.17804000	0.00000000	0.04725000	-0.11935000
0.27429000	-0.01920000	-0.07327000	-0.04476000	0.10433000	0.00000000	0.19715000	0.15284000	-0.00166000	-0.15452000	0.00000000	-0.19234000	0.00000000	-0.08490000	0.08666000	0.00000000	0.19290000	0.15178000	0.00000000	-0.00549000	-0.15958000
0.28052000	-0.01956000	-0.07282000	-0.03791000	0.11483000	0.00000000	0.19927000	0.13861000	-0.02636000	-0.17064000	0.00000000	-0.18237000	0.00000000	-0.05048000	0.12118000	0.00000000	0.19733000	0.11624000	0.00000000	-0.05784000	-0.18656000
0.28675000	-0.01991000	-0.07229000	-0.03091000	0.12491000	0.00000000	0.20000000	0.12287000	-0.05063000	-0.18313000	0.00000000	-0.16738000	0.00000000	-0.01430000	0.15052000	0.00000000	0.19157000	0.07356000	0.00000000	-0.10602000	-0.19798000
0.29299000	-0.02025000	-0.07169000	-0.02378000	0.13451000	0.00000000	0.19932000	0.10580000	-0.07409000	-0.19175000	0.00000000	-0.14779000	0.00000000	0.02238000	0.17345000	0.00000000	0.17595000	0.02638000	0.00000000	-0.14660000	-0.19294000
0.29922000	-0.02059000	-0.07100000	-0.01654000	0.14360000	0.00000000	0.19723000	0.08759000	-0.09639000	-0.19630000	0.00000000	-0.12414000	0.00000000	0.05828000	0.18898000	0.00000000	0.15126000	-0.02242000	0.00000000	-0.17667000	-0.17187000
0.30545000	-0.02093000	-0.07023000	-0.00921000	0.15213000	0.00000000	0.19376000	0.06842000	-0.11715000	-0.19669000	0.00000000	-0.09707000	0.00000000	0.09216000	0.19643000	0.00000000	0.11877000	-0.06984000	0.00000000	-0.19402000	-0.13645000
0.31169000	-0.02126000	-0.06938000	-0.00181000	0.16007000	0.00000000	0.18891000	0.04853000	-0.13607000	-0.19292000	0.00000000	-0.06733000	0.00000000	0.12285000	0.19551000	0.00000000	0.08016000	-0.11298000	0.00000000	-0.19745000	-0.08971000
0.31792000	-0.02159000	-0.06846000	0.00565000	0.16737000	0.00000000	0.18273000	0.02811000	-0.15285000	-0.18506000	0.00000000	-0.03573000	0.00000000	0.14929000	0.18625000	0.00000000	0.03743000	-0.14921000	0.00000000	-0.18672000	-0.03551000
0.32416000	-0.02192000	-0.06746000	0.01314000	0.17400000	0.00000000	0.17525000	0.00739000	-0.16723000	-0.17327000	0.00000000	-0.00316000	0.00000000	0.17055000	0.16904000	0.00000000	-0.00724000	-0.17628000	0.00000000	-0.16255000	0.02166000
0.33039000	-0.02224000	-0.06639000	0.02066000	0.17993000	0.00000000	0.16653000	-0.01339000	-0.17897000	-0.15783000	0.00000000	0.02951000	0.00000000	0.18591000	0.14462000	0.00000000	-0.05153000	-0.19257000	0.00000000	-0.12673000	0.07702000
0.33662000	-0.02256000	-0.06525000	0.02818000	0.18514000	0.00000000	0.15662000	-0.03401000	-0.18791000	-0.13903000	0.00000000	0.06136000	0.00000000	0.19482000	0.11403000	0.00000000	-0.09318000	-0.19707000	0.00000000	-0.08181000	0.12599000
0.34286000	-0.02288000	-0.06403000	0.03569000	0.18960000	0.00000000	0.14561000	-0.05425000	-0.19389000	-0.11730000	0.00000000	0.09153000	0.00000000	0.19698000	0.07856000	0.00000000	-0.13001000	-0.18948000	0.00000000	-0.03100000	0.16445000
0.34909000	-0.02319000	-0.06275000	0.04316000	0.19328000	0.00000000	0.13355000	-0.07387000	-0.19683000	-0.09308000	0.00000000	0.11919000	0.00000000	0.19232000	0.03975000	0.00000000	-0.16014000	-0.17030000	0.00000000	0.02202000	0.18923000
0.35532000	-0.02350000	-0.06139000	0.05059000	0.19618000	0.00000000	0.12056000	-0.09268000	-0.19668000	-0.06689000	0.00000000	0.14357000	0.00000000	0.18100000	-0.00075000	0.00000000	-0.18203000	-0.14069000	0.00000000	0.07347000	0.19830000
0.36156000	-0.02380000	-0.05997000	0.05794000	0.19827000	0.00000000	0.10670000	-0.11045000	-0.19344000	-0.03928000	0.00000000	0.16400000	0.00000000	0.16339000	-0.04123000	0.00000000	-0.19453000	-0.10245000	0.00000000	0.11964000	0.19082000
0.36779000	-0.02410000	-0.05848000	0.06522000	0.19954000	0.00000000	0.09209000	-0.12699000	-0.18716000	-0.01084000	0.00000000	0.17993000	0.00000000	0.14014000	-0.07994000	0.00000000	-0.19700000	-0.05794000	0.00000000	0.15721000	0.16748000
0.37403000	-0.02440000	-0.05693000	0.07239000	0.20000000	0.00000000	0.07682000	-0.14213000	-0.17795000	0.01783000	0.00000000	0.19092000	0.00000000	0.11202000	-0.11525000	0.00000000	-0.18933000	-0.00989000	0.00000000	0.18352000	0.13023000
0.38026000	-0.02469000	-0.05532000	0.07944000	0.19963000	0.00000000	0.06102000	-0.15569000	-0.16595000	0.04612000	0.00000000	0.19666000	0.00000000	0.08002000	-0.14563000	0.00000000	-0.17189000	0.03878000	0.00000000	0.19661000	0.08211000
0.38649000	-0.02498000	-0.05365000	0.08637000	0.19843000	0.00000000	0.04478000	-0.16753000	-0.15134000	0.07344000	0.00000000	0.19699000	0.00000000	0.04525000	-0.16980000	0.00000000	-0.14560000	0.08506000	0.00000000	0.19560000	0.02717000
0.39273000	-0.02527000	-0.05191000	0.09314000	0.19642000	0.00000000	0.02823000	-0.17752000	-0.13435000	0.09921000	0.00000000	0.19192000	0.00000000	0.00892000	-0.18673000	0.00000000	-0.11180000	0.12615000	0.00000000	0.18057000	-0.03003000
0.39896000	-0.02555000	-0.05012000	0.09975000	0.19359000	0.00000000	0.01148000	-0.18554000	-0.11526000	0.12287000	0.00000000	0.18156000	0.00000000	-0.02773000	-0.19569000	0.00000000	-0.07224000	0.15949000	0.00000000	0.15253000	-0.08473000
0.40519000	-0.02583000	-0.04828000	0.10618000	0.18995000	0.00000000	-0.00534000	-0.19150000	-0.09436000	0.14394000	0.00000000	0.16622000	0.00000000	-0.06342000	-0.19630000	0.00000000	-0.02896000	0.18307000	0.00000000	0.11356000	-0.13237000
0.41143000	-0.02611000	-0.04637000	0.11241000	0.18553000	0.00000000	-0.02211000	-0.19536000	-0.07198000	0.16197000	0.00000000	0.14632000	0.00000000	-0.09691000	-0.18853000	0.00000000	0.01582000	0.19545000	0.00000000	0.06644000	-0.16903000
0.41766000	-0.02638000	-0.04442000	0.11844000	0.18034000	0.00000000	-0.03872000	-0.19705000	-0.04847000	0.17656000	0.00000000	0.12238000	0.00000000	-0.12703000	-0.17272000	0.00000000	0.05978000	0.19584000	0.00000000	0.01453000	-0.19158000
0.42390000	-0.02665000	-0.04242000	0.12424000	0.17439000	0.00000000	-0.05504000	-0.19656000	-0.02419000	0.18743000	0.00000000	0.09509000	0.00000000	-0.15276000	-0.14954000	0.00000000	0.10065000	0.18424000	0.00000000	-0.03840000	-0.19821000
0.43013000	-0.02691000	-0.04036000	0.12981000	0.16772000	0.00000000	-0.07095000	-0.19390000	0.00046000	0.19432000	0.00000000	0.06519000	0.00000000	-0.17320000	-0.11998000	0.00000000	0.13635000	0.16137000	0.00000000	-0.08859000	-0.18837000
0.43636000	-0.02717000	-0.03826000	0.13513000	0.16035000	0.00000000	-0.08635000	-0.18909000	0.02510000	0.19711000	0.00000000	0.03349000	0.00000000	-0.18763000	-0.08529000	0.00000000	0.16501000	0.12859000	0.00000000	-0.13241000	-0.16281000
0.44260000	-0.02743000	-0.03612000	0.14019000	0.15232000	0.00000000	-0.10112000	-0.18220000	0.04936000	0.19572000	0.00000000	0.00087000	0.00000000	-0.19556000	-0.04697000	0.00000000	0.18517000	0.08795000	0.00000000	-0.16672000	-0.12374000
0.44883000	-0.02768000	-0.03393000	0.14498000	0.14365000	0.00000000	-0.11515000	-0.17330000	0.07284000	0.19020000	0.00000000	-0.03177000	0.00000000	-0.19672000	-0.00664000	0.00000000	0.19579000	0.04192000	0.00000000	-0.18908000	-0.07436000
0.45506000	-0.02793000	-0.03169000	0.14948000	0.13438000	0.00000000	-0.12834000	-0.16248000	0.09518000	0.18065000	0.00000000	-0.06354000	0.00000000	-0.19106000	0.03396000	0.00000000	0.19631000	-0.00668000	0.00000000	-0.19783000	-0.01879000
0.46130000	-0.02818000	-0.02942000	0.15370000	0.12455000	0.00000000	-0.14060000	-0.14986000	0.11602000	0.16728000	0.00000000	-0.09356000	0.00000000	-0.17877000	0.07312000	0.00000000	0.18672000	-0.05486000	0.00000000	-0.19239000	0.03833000
0.46753000	-0.02842000	-0.02711000	0.15761000	0.11420000	0.00000000	-0.15185000	-0.13559000	0.13505000	0.15037000	0.00000000	-0.12101000	0.00000000	-0.16030000	0.10917000	0.00000000	0.16752000	-0.09970000	0.00000000	-0.17315000	0.09229000
0.47377000	-0.02866000	-0.02476000	0.16121000	0.10338000	0.00000000	-0.16198000	-0.11982000	0.15196000	0.13028000	0.00000000	-0.14513000	0.00000000	-0.13627000	0.14054000	0.00000000	0.13966000	-0.13841000	0.00000000	-0.14144000	0.13854000
0.48000000	-0.02890000	-0.02238000	0.16449000	0.09213000	0.00000000	-0.17095000	-0.10272000	0.16649000	0.10743000	0.00000000	-0.16527000	0.00000000	-0.10751000	0.16593000	0.00000000	0.10462000	-0.16866000	0.00000000	-0.09960000	0.17327000
0.48623000	-0.02913000	-0.01997000	0.16744000	0.08049000	0.00000000	-0.17868000	-0.08450000	0.17841000	0.08231000	0.00000000	-0.18087000	0.00000000	-0.07504000	0.18424000	0.00000000	0.06419000	-0.18858000	0.00000000	-0.05061000	0.19361000
0.49247000	-0.02936000	-0.01752000	0.17006000	0.06852000	0.00000000	-0.18511000	-0.06533000	0.18753000	0.05545000	0.00000000	-0.19149000	0.00000000	-0.03996000	0.19468000	0.00000000	0.02044000	-0.19693000	0.00000000	0.00203000	0.19779000
0.49870000	-0.02959000	-0.01505000	0.17233000	0.05627000	0.00000000	-0.19020000	-0.04545000	0.19371000	0.02741000	0.00000000	-0.19685000	0.00000000	-0.00349000	0.19681000	0.00000000	-0.02436000	-0.19323000	0.00000000	0.05451000	0.18554000
0.50494000	-0.02981000	-0.01254000	0.17426000	0.04379000	0.00000000	-0.19391000	-0.02506000	0.19686000	-0.00120000	0.00000000	-0.19681000	0.00000000	0.03309000	0.19056000	0.00000000	-0.06790000	-0.17771000	0.00000000	0.10309000	0.15787000
0.51117000	-0.03003000	-0.01002000	0.17585000	0.03113000	0.00000000	-0.19622000	-0.00440000	0.19691000	-0.02979000	0.00000000	-0.19135000	0.00000000	0.06853000	0.17616000	0.00000000	-0.10794000	-0.15128000	0.00000000	0.14425000	0.11703000
0.51740000	-0.03024000	-0.00747000	0.17707000	0.01834000	0.00000000	-0.19711000	0.01632000	0.19389000	-0.05775000	0.00000000	-0.18064000	0.00000000	0.10159000	0.15425000	0.00000000	-0.14242000	-0.11560000	0.00000000	0.17506000	0.06647000
0.52364000	-0.03046000	-0.00490000	0.17794000	0.00549000	0.00000000	-0.19657000	0.03685000	0.18782000	-0.08449000	0.00000000	-0.16496000	0.00000000	0.13114000	0.12576000	0.00000000	-0.16957000	-0.07283000	0.00000000	0.19332000	0.01038000
0.52987000	-0.03066000	-0.00231000	0.17845000	-0.00739000	0.00000000	-0.19461000	0.05698000	0.17880000	-0.10944000	0.00000000	-0.14475000	0.00000000	0.15613000	0.09190000	0.00000000	-0.18796000	-0.02560000	0.00000000	0.19766000	-0.04658000
0.53610000	-0.03087000	0.00030000	0.17859000	-0.02022000	0.00000000	-0.19124000	0.07648000	0.16698000	-0.13207000	0.00000000	-0.12056000	0.00000000	0.17572000	0.05412000	0.00000000	-0.19668000	0.02319000	0.00000000	0.18782000	-0.09966000
0.54234000	-0.03107000	0.00292000	0.17837000	-0.03297000	0.00000000	-0.18649000	0.09514000	0.15255000	-0.15191000	0.00000000	-0.09306000	0.00000000	0.18922000	0.01403000	0.00000000	-0.19526000	0.07057000	0.00000000	0.16451000	-0.14446000
0.54857000	-0.03127000	0.00556000	0.17779000	-0.04556000	0.00000000	-0.18039000	0.11275000	0.13572000	-0.16854000	0.00000000	-0.06300000	0.00000000	0.19616000	-0.02665000	0.00000000	-0.18377000	0.11362000	0.00000000	0.12936000	-0.17721000
0.55481000	-0.03146000	0.00821000	0.17685000	-0.05796000	0.00000000	-0.17298000	0.12911000	0.11677000	-0.18160000	0.00000000	-0.03121000	0.00000000	0.19631000	-0.06620000	0.00000000	-0.16281000	0.14971000	0.00000000	0.08494000	-0.19524000
0.56104000	-0.03166000	0.01087000	0.17554000	-0.07011000	0.00000000	-0.16432000	0.14405000	0.09598000	-0.19081000	0.00000000	0.00144000	0.00000000	0.18966000	-0.10293000	0.00000000	-0.13347000	0.17664000	0.00000000	0.03442000	-0.19704000
0.56727000	-0.03184000	0.01353000	0.17388000	-0.08195000	0.00000000	-0.15448000	0.15740000	0.07369000	-0.19599000	0.00000000	0.03405000	0.00000000	0.17642000	-0.13526000	0.00000000	-0.09724000	0.19274000	0.00000000	-0.01858000	-0.18240000
0.57351000	-0.03203000	0.01621000	0.17185000	-0.09344000	0.00000000	-0.14351000	0.16901000	0.05024000	-0.19703000	0.00000000	0.06572000	0.00000000	0.15708000	-0.16182000	0.00000000	-0.05600000	0.19703000	0.00000000	-0.07024000	-0.15261000
0.57974000	-0.03221000	0.01888000	0.16948000	-0.10453000	0.00000000	-0.13151000	0.17876000	0.02601000	-0.19389000	0.00000000	0.09559000	0.00000000	0.13230000	-0.18148000	0.00000000	-0.01188000	0.18928000	0.00000000	-0.11687000	-0.11013000
0.58597000	-0.03239000	0.02156000	0.16676000	-0.11517000	0.00000000	-0.11856000	0.18653000	0.00136000	-0.18665000	0.00000000	0.12283000	0.00000000	0.10293000	-0.19339000	0.00000000	0.03286000	0.16990000	0.00000000	-0.15509000	-0.05846000
0.59221000	-0.03256000	0.02424000	0.16369000	-0.12531000	0.00000000	-0.10475000	0.19225000	-0.02330000	-0.17546000	0.00000000	0.14669000	0.00000000	0.06999000	-0.19705000	0.00000000	0.07590000	0.14013000	0.00000000	-0.18217000	-0.00195000
0.59844000	-0.03273000	0.02691000	0.16028000	-0.13492000	0.00000000	-0.09018000	0.19584000	-0.04760000	-0.16057000	0.00000000	0.16653000	0.00000000	0.03463000	-0.19231000	0.00000000	0.11503000	0.10179000	0.00000000	-0.19620000	0.05474000
0.60468000	-0.03290000	0.02959000	0.15655000	-0.14394000	0.00000000	-0.07497000	0.19727000	-0.07115000	-0.14227000	0.00000000	0.18178000	0.00000000	-0.00193000	-0.17935000	0.00000000	0.14823000	0.05719000	0.00000000	-0.19610000	0.10686000
0.61091000	-0.03307000	0.03225000	0.15249000	-0.15235000	0.00000000	-0.05921000	0.19653000	-0.09359000	-0.12096000	0.00000000	0.19204000	0.00000000	-0.03842000	-0.15874000	0.00000000	0.17379000	0.00911000	0.00000000	-0.18194000	0.15009000
0.61714000	-0.03323000	0.03491000	0.14811000	-0.16011000	0.00000000	-0.04303000	0.19362000	-0.11456000	-0.09709000	0.00000000	0.19703000	0.00000000	-0.07359000	-0.13137000	0.00000000	0.19041000	-0.03954000	0.00000000	-0.15473000	0.18086000
0.62338000	-0.03339000	0.03756000	0.14343000	-0.16718000	0.00000000	-0.02653000	0.18857000	-0.13374000	-0.07117000	0.00000000	0.19659000	0.00000000	-0.10620000	-0.09838000	0.00000000	0.19719000	-0.08577000	0.00000000	-0.11638000	0.19654000
0.62961000	-0.03354000	0.04020000	0.13844000	-0.17353000	0.00000000	-0.00985000	0.18144000	-0.15082000	-0.04374000	0.00000000	0.19076000	0.00000000	-0.13513000	-0.06120000	0.00000000	0.19382000	-0.12674000	0.00000000	-0.06969000	0.19588000
0.63584000	-0.03369000	0.04283000	0.13317000	-0.17915000	0.00000000	0.00691000	0.17231000	-0.16554000	-0.01539000	0.00000000	0.17968000	0.00000000	-0.15938000	-0.02140000	0.00000000	0.18047000	-0.15996000	0.00000000	-0.01799000	0.17895000
0.64208000	-0.03384000	0.04544000	0.12762000	-0.18399000	0.00000000	0.02361000	0.16128000	-0.17766000	0.01329000	0.00000000	0.16367000	0.00000000	-0.17811000	0.01930000	0.00000000	0.15781000	-0.18336000	0.00000000	0.03501000	0.14708000
0.64831000	-0.03399000	0.04804000	0.12180000	-0.18805000	0.00000000	0.04013000	0.14847000	-0.18699000	0.04169000	0.00000000	0.14315000	0.00000000	-0.19066000	0.05919000	0.00000000	0.12702000	-0.19554000	0.00000000	0.08548000	0.10300000
0.65455000	-0.03413000	0.05061000	0.11572000	-0.19130000	0.00000000	0.05637000	0.13403000	-0.19340000	0.06921000	0.00000000	0.11871000	0.00000000	-0.19661000	0.09655000	0.00000000	0.08968000	-0.19576000	0.00000000	0.12983000	0.05035000
0.66078000	-0.03427000	0.05317000	0.10940000	-0.19373000	0.00000000	0.07219000	0.11810000	-0.19678000	0.09526000	0.00000000	0.09100000	0.00000000	-0.19574000	0.12978000	0.00000000	0.04772000	-0.18396000	0.00000000	0.16483000	-0.00650000
0.66701000	-0.03441000	0.05571000	0.10285000	-0.19533000	0.00000000	0.08749000	0.10088000	-0.19707000	0.11930000	0.00000000	0.06079000	0.00000000	-0.18810000	0.15748000	0.00000000	0.00330000	-0.16091000	0.00000000	0.18801000	-0.06279000
0.67325000	-0.03454000	0.05822000	0.09608000	-0.19609000	0.00000000	0.10215000	0.08254000	-0.19427000	0.14082000	0.00000000	0.02890000	0.00000000	-0.17393000	0.17847000	0.00000000	-0.04129000	-0.12801000	0.00000000	0.19771000	-0.11388000
0.67948000	-0.03467000	0.06071000	0.08910000	-0.19601000	0.00000000	0.11607000	0.06330000	-0.18843000	0.15936000	0.00000000	-0.00377000	0.00000000	-0.15374000	0.19183000	0.00000000	-0.08375000	-0.08725000	0.00000000	0.19317000	-0.15547000
0.68571000	-0.03479000	0.06317000	0.08193000	-0.19509000	0.00000000	0.12914000	0.04336000	-0.17964000	0.17453000	0.00000000	-0.03635000	0.00000000	-0.12822000	0.19700000	0.00000000	-0.12189000	-0.04116000	0.00000000	0.17478000	-0.18413000
0.69195000	-0.03492000	0.06560000	0.07458000	-0.19333000	0.00000000	0.14128000	0.02294000	-0.16803000	0.18601000	0.00000000	-0.06793000	0.00000000	-0.09825000	0.19378000	0.00000000	-0.15376000	0.00746000	0.00000000	0.14386000	-0.19750000
0.69818000	-0.03504000	0.06801000	0.06707000	-0.19074000	0.00000000	0.15238000	0.00228000	-0.15379000	0.19355000	0.00000000	-0.09764000	0.00000000	-0.06488000	0.18228000	0.00000000	-0.17769000	0.05561000	0.00000000	0.10257000	-0.19439000
0.70442000	-0.03516000	0.07038000	0.05941000	-0.18733000	0.00000000	0.16238000	-0.01841000	-0.13715000	0.19700000	0.00000000	-0.12467000	0.00000000	-0.02926000	0.16300000	0.00000000	-0.19247000	0.10036000	0.00000000	0.05394000	-0.17513000
0.71065000	-0.03527000	0.07272000	0.05162000	-0.18312000	0.00000000	0.17120000	-0.03889000	-0.11835000	0.19629000	0.00000000	-0.14828000	0.00000000	0.00738000	0.13678000	0.00000000	-0.19734000	0.13897000	0.00000000	0.00143000	-0.14131000
0.71688000	-0.03538000	0.07503000	0.04371000	-0.17811000	0.00000000	0.17877000	-0.05893000	-0.09771000	0.19142000	0.00000000	-0.16781000	0.00000000	0.04376000	0.10470000	0.00000000	-0.19202000	0.16906000	0.00000000	-0.05118000	-0.09570000
0.72312000	-0.03549000	0.07730000	0.03570000	-0.17234000	0.00000000	0.18504000	-0.07831000	-0.07554000	0.18251000	0.00000000	-0.18273000	0.00000000	0.07862000	0.06817000	0.00000000	-0.17681000	0.18879000	0.00000000	-0.10011000	-0.04215000
0.72935000	-0.03560000	0.07953000	0.02760000	-0.16582000	0.00000000	0.18997000	-0.09683000	-0.05219000	0.16975000	0.00000000	-0.19264000	0.00000000	0.11077000	0.02872000	0.00000000	-0.15249000	0.19697000	0.00000000	-0.14187000	0.01492000
0.73558000	-0.03570000	0.08173000	0.01942000	-0.15858000	0.00000000	0.19351000	-0.11426000	-0.02802000	0.15339000	0.00000000	-0.19726000	0.00000000	0.13908000	-0.01196000	0.00000000	-0.12031000	0.19307000	0.00000000	-0.17342000	0.07074000
0.74182000	-0.03580000	0.08389000	0.01120000	-0.15066000	0.00000000	0.19564000	-0.13043000	-0.00343000	0.13380000	0.00000000	-0.19646000	0.00000000	0.16257000	-0.05213000	0.00000000	-0.08192000	0.17735000	0.00000000	-0.19252000	0.12066000
0.74805000	-0.03589000	0.08600000	0.00293000	-0.14208000	0.00000000	0.19634000	-0.14515000	0.02122000	0.11138000	0.00000000	-0.19026000	0.00000000	0.18044000	-0.09008000	0.00000000	-0.03932000	0.15077000	0.00000000	-0.19782000	0.16058000
0.75429000	-0.03599000	0.08807000	-0.00535000	-0.13288000	0.00000000	0.19561000	-0.15826000	0.04552000	0.08661000	0.00000000	-0.17885000	0.00000000	0.19205000	-0.12418000	0.00000000	0.00532000	0.11494000	0.00000000	-0.18887000	0.18709000
0.76052000	-0.03608000	0.09010000	-0.01365000	-0.12310000	0.00000000	0.19345000	-0.16960000	0.06909000	0.06002000	0.00000000	-0.16252000	0.00000000	0.19702000	-0.15299000	0.00000000	0.04969000	0.07208000	0.00000000	-0.16638000	0.19805000
0.76675000	-0.03617000	0.09209000	-0.02193000	-0.11277000	0.00000000	0.18988000	-0.17907000	0.09158000	0.03217000	0.00000000	-0.14174000	0.00000000	0.19517000	-0.17529000	0.00000000	0.09150000	0.02479000	0.00000000	-0.13195000	0.19256000
0.77299000	-0.03625000	0.09403000	-0.03019000	-0.10195000	0.00000000	0.18492000	-0.18654000	0.11261000	0.00364000	0.00000000	-0.11707000	0.00000000	0.18656000	-0.19010000	0.00000000	0.12860000	-0.02401000	0.00000000	-0.08802000	0.17099000
0.77922000	-0.03633000	0.09592000	-0.03840000	-0.09067000	0.00000000	0.17861000	-0.19193000	0.13187000	-0.02494000	0.00000000	-0.08920000	0.00000000	0.17150000	-0.19682000	0.00000000	0.15908000	-0.07135000	0.00000000	-0.03778000	0.13522000
0.78545000	-0.03641000	0.09777000	-0.04656000	-0.07899000	0.00000000	0.17098000	-0.19520000	0.14904000	-0.05299000	0.00000000	-0.05889000	0.00000000	0.15051000	-0.19515000	0.00000000	0.18137000	-0.11434000	0.00000000	0.01519000	0.08820000
0.79169000	-0.03649000	0.09956000	-0.05465000	-0.06694000	0.00000000	0.16210000	-0.19628000	0.16385000	-0.07989000	0.00000000	-0.02698000	0.00000000	0.12431000	-0.18515000	0.00000000	0.19432000	-0.15031000	0.00000000	0.06707000	0.03381000
0.79792000	-0.03656000	0.10131000	-0.06264000	-0.05459000	0.00000000	0.15202000	-0.19518000	0.17608000	-0.10508000	0.00000000	0.00566000	0.00000000	0.09383000	-0.16728000	0.00000000	0.19727000	-0.17710000	0.00000000	0.11413000	-0.02338000
0.80416000	-0.03664000	0.10301000	-0.07053000	-0.04197000	0.00000000	0.14082000	-0.19190000	0.18552000	-0.12803000	0.00000000	0.03812000	0.00000000	0.06012000	-0.14229000	0.00000000	0.19008000	-0.19306000	0.00000000	0.15304000	-0.07865000
0.81039000	-0.03670000	0.10465000	-0.07831000	-0.02915000	0.00000000	0.12857000	-0.18647000	0.19203000	-0.14825000	0.00000000	0.06950000	0.00000000	0.02434000	-0.11125000	0.00000000	0.17310000	-0.19720000	0.00000000	0.18094000	-0.12737000
0.81662000	-0.03677000	0.10624000	-0.08594000	-0.01617000	0.00000000	0.11536000	-0.17896000	0.19550000	-0.16529000	0.00000000	0.09894000	0.00000000	-0.01224000	-0.07549000	0.00000000	0.14723000	-0.18929000	0.00000000	0.19588000	-0.16551000
0.82286000	-0.03683000	0.10778000	-0.09343000	-0.00309000	0.00000000	0.10129000	-0.16944000	0.19586000	-0.17880000	0.00000000	0.12563000	0.00000000	-0.04837000	-0.03654000	0.00000000	0.11381000	-0.16983000	0.00000000	0.19681000	-0.18994000
0.82909000	-0.03689000	0.10927000	-0.10076000	0.01003000	0.00000000	0.08645000	-0.15801000	0.19312000	-0.18849000	0.00000000	0.14882000	0.00000000	-0.08277000	0.00392000	0.00000000	0.07456000	-0.13998000	0.00000000	0.18359000	-0.19854000
0.83532000	-0.03695000	0.11070000	-0.10791000	0.02316000	0.00000000	0.07094000	-0.14480000	0.18731000	-0.19415000	0.00000000	0.16788000	0.00000000	-0.11426000	0.04416000	0.00000000	0.03152000	-0.10162000	0.00000000	0.15726000	-0.19069000
0.84156000	-0.03701000	0.11208000	-0.11487000	0.03622000	0.00000000	0.05488000	-0.12995000	0.17851000	-0.19564000	0.00000000	0.18226000	0.00000000	-0.14173000	0.08246000	0.00000000	-0.01309000	-0.05710000	0.00000000	0.11970000	-0.16705000
0.84779000	-0.03706000	0.11340000	-0.12163000	0.04917000	0.00000000	0.03838000	-0.11361000	0.16685000	-0.19293000	0.00000000	0.19156000	0.00000000	-0.16420000	0.11716000	0.00000000	-0.05694000	-0.00915000	0.00000000	0.07360000	-0.12953000
0.85403000	-0.03711000	0.11466000	-0.12818000	0.06197000	0.00000000	0.02156000	-0.09596000	0.15252000	-0.18606000	0.00000000	0.19551000	0.00000000	-0.18090000	0.14676000	0.00000000	-0.09775000	0.03926000	0.00000000	0.02233000	-0.08136000
0.86026000	-0.03716000	0.11587000	-0.13449000	0.07454000	0.00000000	0.00452000	-0.07720000	0.13572000	-0.17517000	0.00000000	0.19400000	0.00000000	-0.19123000	0.17000000	0.00000000	-0.13342000	0.08515000	0.00000000	-0.03043000	-0.02654000
0.86649000	-0.03720000	0.11702000	-0.14058000	0.08686000	0.00000000	-0.01260000	-0.05751000	0.11672000	-0.16048000	0.00000000	0.18703000	0.00000000	-0.19479000	0.18582000	0.00000000	-0.16204000	0.12565000	0.00000000	-0.08083000	0.03034000
0.87273000	-0.03725000	0.11812000	-0.14641000	0.09886000	0.00000000	-0.02970000	-0.03711000	0.09579000	-0.14228000	0.00000000	0.17480000	0.00000000	-0.19145000	0.19355000	0.00000000	-0.18212000	0.15825000	0.00000000	-0.12522000	0.08446000
0.87896000	-0.03729000	0.11915000	-0.15199000	0.11050000	0.00000000	-0.04665000	-0.01622000	0.07326000	-0.12095000	0.00000000	0.15760000	0.00000000	-0.18129000	0.19280000	0.00000000	-0.19260000	0.18092000	0.00000000	-0.16037000	0.13130000
0.88519000	-0.03732000	0.12013000	-0.15730000	0.12173000	0.00000000	-0.06334000	0.00494000	0.04946000	-0.09690000	0.00000000	0.13588000	0.00000000	-0.16462000	0.18356000	0.00000000	-0.19283000	0.19216000	0.00000000	-0.18361000	0.16680000
0.89143000	-0.03736000	0.12105000	-0.16233000	0.13251000	0.00000000	-0.07965000	0.02614000	0.02475000	-0.07063000	0.00000000	0.11021000	0.00000000	-0.14198000	0.16617000	0.00000000	-0.18276000	0.19122000	0.00000000	-0.19322000	0.18794000
0.89766000	-0.03739000	0.12191000	-0.16708000	0.14281000	0.00000000	-0.09547000	0.04718000	-0.00050000	-0.04266000	0.00000000	0.08125000	0.00000000	-0.11410000	0.14130000	0.00000000	-0.16281000	0.17805000	0.00000000	-0.18838000	0.19281000
0.90390000	-0.03742000	0.12272000	-0.17154000	0.15257000	0.00000000	-0.11070000	0.06781000	-0.02591000	-0.01356000	0.00000000	0.04976000	0.00000000	-0.08187000	0.10992000	0.00000000	-0.13389000	0.15328000	0.00000000	-0.16921000	0.18073000
0.91013000	-0.03745000	0.12347000	-0.17571000	0.16177000	0.00000000	-0.12523000	0.08784000	-0.05110000	0.01609000	0.00000000	0.01653000	0.00000000	-0.04633000	0.07325000	0.00000000	-0.09735000	0.11827000	0.00000000	-0.13691000	0.15250000
0.91636000	-0.03748000	0.12415000	-0.17957000	0.17037000	0.00000000	-0.13897000	0.10706000	-0.07572000	0.04571000	0.00000000	-0.01757000	0.00000000	-0.00863000	0.03274000	0.00000000	-0.05489000	0.07494000	0.00000000	-0.09348000	0.11008000
0.92260000	-0.03750000	0.12478000	-0.18312000	0.17834000	0.00000000	-0.15183000	0.12526000	-0.09939000	0.07472000	0.00000000	-0.05169000	0.00000000	0.03004000	-0.01005000	0.00000000	-0.00847000	0.02561000	0.00000000	-0.04164000	0.05649000
0.92883000	-0.03752000	0.12536000	-0.18635000	0.18566000	0.00000000	-0.16372000	0.14228000	-0.12179000	0.10256000	0.00000000	-0.08497000	0.00000000	0.06849000	-0.05350000	0.00000000	0.03978000	-0.02704000	0.00000000	0.01535000	-0.00441000
0.93506000	-0.03754000	0.12587000	-0.18927000	0.19229000	0.00000000	-0.17458000	0.15793000	-0.14260000	0.12870000	0.00000000	-0.11662000	0.00000000	0.10554000	-0.09599000	0.00000000	0.08774000	-0.08029000	0.00000000	0.07407000	-0.06842000
0.93506000	-0.03754000	0.12587000	-0.18927000	0.19229000	0.00000000	-0.17458000	0.15793000	-0.14260000	0.12870000	0.00000000	-0.11662000	0.00000000	0.10554000	-0.09599000	0.00000000	0.08774000	-0.08029000	0.00000000	0.07407000	-0.06842000
1.00000000	-0.03754000	0.12587000	-0.18927000	0.19229000	0.00000000	-0.17458000	0.15793000	-0.14260000	0.12870000	0.00000000	-0.11662000	0.00000000	0.10554000	-0.09599000	0.00000000	0.08774000	-0.08029000	0.00000000	0.07407000	-0.06842000
